-0.37 131.16
0.92 176.39
0.46 115.02
-0.72 117.66
-0.9 111.02
-0.12 133.81
0.95 152.17
-0.28 128.91
-0.91 54.64
-0.1 112.56
-0.35 121.54
-0.28 126.01
-0.15 136.43
0.24 146.34
-0.87 132.66
-0.89 100.34
0.57 124.45
0.53 144.4
0.83 178.65
-0.05 142.43
0.02 111.18
-0.47 112.56
-0.54 132.54
0.12 149.92
0.15 116.63
-0.69 93.67
-0.64 97.48
0.94 137.89
-0.24 110.72
0.02 133.37
-1.93 97.34
0.28 150.99
-0.12 117.51
0.55 142.57
-1.98 82.02
-0.52 60.89
-0.24 122.38
-1.8 102.83
-0.4 105.46
-0.76 136.79
-1.03 131.46
0.5 123.87
-0.58 121.56
-0.69 118.05
-0.15 127.59
0.11 123.94
0.45 172.08
-1.24 97.58
0.87 154.41
1.04 146.08
-0.81 104.27
-0.4 152.73
0.02 112.11
-1.39 99.68
0.14 113.41
0.71 184.94
-0.95 105.3
-0.53 108.73
-0.05 134.33
1.84 157.38
-1.51 50.07
-1.6 95.74
2.02 179.95
-0.76 112.99
-0.42 118.06
1.32 145.47
0.61 144.16
-0.19 108.85
-0.2 106.34
0.45 133.22
0.8 149.18
-0.16 106.41
0.2 133.86
-1.39 91.05
0.77 163.67
0.68 132.68
-0.38 117.21
0.4 152.27
-0.54 150.27
-1.26 96.46
0.4 139.27
-2.19 62.58
-1.25 68.78
0.35 143.72
0.84 196.23
-0.33 77.48
-0.03 138.82
-0.23 151.12
1.18 149.33
-1.19 120.93
0.27 166.21
1.89 169.87
0.2 95.36
-1.46 100.04
0.79 140.25
0.43 117.36
-0.03 132.73
-1.26 69.23
0.75 150.36
1.17 161.35
3.4 211.1
-0.0 123.71
-0.38 110.15
0.37 136.45
-0.5 116.79
0.14 129.38
-0.17 118.81
0.77 188.4
-1.82 87.35
-0.16 112.49
-0.98 94.03
0.23 139.03
-0.06 123.35
-0.55 100.7
-0.66 86.93
-0.66 121.12
0.7 155.3
0.5 149.53
0.13 113.9
-1.41 80.44
2.49 161.29
0.61 117.37
0.89 146.86
-0.51 138.71
-0.58 135.84
0.6 153.97
-0.45 128.87
0.74 171.19
0.8 158.54
-1.05 120.36
0.45 131.82
1.34 137.32
0.41 156.83
2.39 160.32
0.48 132.04
0.72 141.94
0.37 175.76
-0.97 90.29
0.46 145.55
0.8 123.16
0.53 121.61
0.2 150.98
0.0 143.7
-1.25 100.23
-0.64 98.3
1.4 149.27
1.09 176.97
-0.96 116.96
0.15 88.25
0.66 147.24
0.91 158.5
0.47 121.16
0.7 115.03
-0.12 97.28
-0.32 145.92
0.84 140.65
-0.03 111.11
0.67 144.23
0.56 108.91
-0.36 86.9
-0.94 83.32
0.82 142.3
1.15 182.67
-0.98 78.84
0.34 111.84
0.35 124.42
-0.33 115.85
0.56 100.08
0.86 136.25
1.75 126.34
-1.92 64.95
-0.08 92.54
-0.87 112.33
-0.57 98.88
0.76 151.84
-1.08 126.99
-1.32 61.55
1.1 130.88
-0.15 131.15
-1.49 98.18
0.29 108.39
-0.35 108.59
0.8 131.9
-0.84 128.83
0.26 138.41
0.15 106.91
1.2 179.22
0.41 145.6
0.94 145.1
-1.52 88.29
-1.37 135.37
-0.25 82.55
0.86 162.2
-0.16 135.3
-1.64 54.37
0.91 160.98
0.08 114.36
-2.24 66.43
0.94 176.31
0.44 153.35
-0.16 136.84
-0.52 126.37
1.0 160.55
-0.26 123.71
-0.93 122.34
0.94 141.07
-0.84 101.61
0.32 134.12
1.43 171.71
-1.21 72.09
1.26 186.35
2.24 178.38
-0.35 139.14
1.48 150.53
-1.62 71.71
-0.96 110.96
-1.93 50.84
-0.09 131.21
0.74 152.65
-0.56 108.29
-1.47 97.2
-0.7 130.78
-0.16 138.08
0.36 159.5
0.31 122.69
-0.06 134.92
1.2 157.66
0.55 154.37
1.05 163.73
-1.12 97.02
0.96 167.73
-0.53 123.98
1.76 212.61
-1.46 84.1
-0.77 122.58
-0.44 119.17
1.35 194.47
-0.69 126.0
-0.24 135.09
-0.41 109.38
1.0 140.41
1.31 170.5
-0.23 119.25
0.45 142.04
-1.55 85.21
0.53 172.49
0.01 111.03
-0.19 102.13
0.04 120.27
0.02 155.45
-0.91 107.85
-1.07 88.51
-3.21 28.36
-1.15 105.38
1.27 153.62
-2.23 67.06
1.85 190.18
1.21 146.22
0.47 128.66
-0.73 76.29
-1.05 89.47
-0.31 102.36
-0.05 159.21
-0.56 104.95
0.07 155.42
-0.0 136.27
0.27 90.29
0.51 157.5
0.9 130.88
-0.76 78.6
0.18 126.88
1.3 157.96
-1.83 89.35
0.15 91.9
0.86 146.15
-0.71 74.37
0.37 143.26
-1.72 97.51
-0.43 91.6
0.14 122.67
-1.08 59.98
0.4 171.86
0.48 137.37
-0.77 101.9
0.11 136.08
0.73 129.05
0.02 118.79
0.04 101.98
-0.49 120.19
-0.84 102.98
0.36 129.62
-1.38 122.78
-0.62 140.06
1.28 158.51
-0.26 118.53
2.05 203.16
-1.54 89.5
-1.81 87.76
-0.18 104.99
-2.33 70.0
-0.41 132.33
0.71 162.25
0.76 145.3
-0.07 114.17
-1.22 69.92
1.11 126.95
-0.51 150.92
-1.41 97.62
0.71 140.61
-0.15 122.84
-0.19 135.11
-0.65 123.48
-1.08 82.95
-1.65 93.73
0.58 101.44
-0.54 127.61
-0.66 117.32
0.74 151.3
0.21 131.6
0.66 169.43
1.35 158.89
-0.93 85.88
-0.55 97.96
0.13 117.25
0.18 135.06
0.25 131.58
-0.34 139.46
-1.51 76.63
-0.52 145.73
-0.51 74.15
0.82 131.41
0.45 117.83
0.45 162.02
0.56 171.57
-0.44 125.84
0.96 153.74
-0.22 113.91
-0.31 133.19
-0.84 120.89
1.26 164.14
0.24 150.34
0.64 176.14
0.68 124.83
0.87 142.03
-0.85 115.3
-0.32 115.35
-0.06 142.64
0.31 141.43
0.63 165.31
-0.02 98.05
0.28 142.97
0.54 82.41
-0.07 101.55
0.48 140.64
0.89 171.78
-0.76 80.36
0.78 144.39
0.23 116.34
1.36 162.1
-1.43 101.97
1.54 151.28
1.15 180.76
-2.69 52.78
0.11 113.53
0.23 150.22
-0.29 119.88
1.09 111.11
-1.74 73.74
-0.67 71.64
1.44 129.08
2.09 166.14
-0.04 99.57
-0.68 94.41
0.59 127.98
-1.22 82.89
-0.79 70.86
-1.03 108.55
-1.07 120.22
-0.6 90.4
0.58 156.93
-0.51 115.17
-0.68 127.44
-0.72 68.25
-1.17 121.95
-0.7 99.2
-2.32 103.92
-0.42 110.28
-0.34 131.65
-1.53 101.94
-0.22 146.26
1.45 137.02
0.95 156.59
0.16 102.03
-0.53 109.49
0.49 127.07
1.72 179.64
-0.87 88.68
-0.64 102.02
1.19 131.19
0.17 103.25
-0.32 141.87
2.15 172.24
-0.62 79.65
0.35 94.67
-0.68 98.99
0.21 159.45
0.44 164.18
0.1 129.26
0.44 160.83
-1.06 121.37
-1.95 71.93
-1.09 87.2
-0.38 132.31
-2.21 79.67
-1.09 129.75
-0.03 127.81
-0.51 111.97
-0.52 106.69
0.32 103.84
0.28 133.17
-1.15 120.69
0.95 162.97
-0.01 110.57
0.52 148.88
0.26 116.77
-0.39 123.07
0.33 123.08
0.56 97.29
1.14 133.49
-0.48 122.69
0.14 163.81
0.27 125.23
1.57 188.86
-0.21 102.49
-1.66 113.1
-0.96 87.42
-1.02 63.67
-0.8 86.64
0.61 124.28
1.05 123.96
0.06 163.65
-0.27 121.54
0.5 154.85
1.28 164.35
0.66 184.95
1.15 158.82
0.75 176.53
-0.11 109.37
0.86 146.07
0.29 87.22
0.76 125.94
-0.31 168.13
0.74 147.04
-0.98 85.27
0.94 133.63
-0.11 157.56
-0.42 102.6
0.37 145.88
-1.86 91.34
1.98 203.34
0.64 127.68
-1.05 95.97
0.47 152.73
0.81 186.12
-0.53 112.71
-0.0 136.85
-0.44 107.38
1.28 196.7
-0.88 98.79
-0.57 118.28
0.99 149.51
0.08 95.43
1.08 134.91
0.22 146.98
1.35 166.01
0.88 140.05
-1.07 95.91
-0.19 107.95
-2.5 95.01
-0.71 105.24
0.75 140.93
0.39 157.79
0.42 118.35
-0.88 62.76
-0.46 118.28
-0.98 118.89
-0.14 112.21
1.33 167.23
0.79 132.55
-1.28 73.58
2.59 201.39
0.71 135.61
-1.07 85.46
-0.77 101.76
0.35 141.53
0.48 130.11
-0.76 119.01
0.13 129.63
-0.75 75.05
0.92 145.11
