0.45 29.56
0.3 23.41
0.11 2.31
0.55 40.31
-1.59 -45.13
-1.44 -64.66
-0.42 -38.19
0.7 29.91
0.03 41.68
-0.88 -11.94
-1.19 -65.25
-0.02 6.84
0.7 27.21
0.67 -2.92
-0.19 -19.46
0.17 25.62
-0.64 -15.83
0.54 -21.44
0.91 50.67
-0.75 -19.24
0.59 83.15
0.08 30.05
1.04 59.94
-0.79 -54.47
1.72 94.01
-0.06 -8.64
1.75 57.41
-0.38 -2.24
1.25 61.56
-1.3 -41.72
0.26 10.55
0.15 -5.13
0.31 35.69
0.22 -8.03
0.39 3.06
-1.05 -62.0
-0.18 -15.36
-0.84 -45.71
0.44 39.53
0.22 11.43
-0.4 20.03
-0.28 24.62
2.2 128.43
-0.57 -57.71
0.31 -8.05
1.75 89.79
-1.04 -13.99
-0.02 -20.49
0.33 13.33
0.28 -14.49
0.74 10.25
2.18 117.45
-0.44 -34.84
-0.74 -10.22
-1.21 -49.68
-1.13 -62.03
-0.44 -36.88
2.73 123.86
0.15 -15.01
-1.11 -63.45
-0.56 -12.84
-0.69 -26.06
0.24 29.93
-0.31 -0.75
-0.7 -29.21
0.14 1.29
-0.58 -26.65
1.61 60.09
-1.13 -21.91
0.71 12.96
-1.46 -71.65
-0.15 -10.45
1.98 73.47
-0.04 -1.94
1.38 68.64
0.85 63.51
0.31 30.27
0.17 34.51
-0.18 -6.36
0.14 0.02
-0.64 -28.35
0.37 -30.06
-0.09 11.6
-0.51 -13.88
1.03 20.84
0.61 36.84
0.68 27.71
0.65 29.71
0.67 18.66
0.22 17.5
-0.79 -14.98
0.13 -3.34
-0.78 -16.7
-0.38 -23.46
-1.34 -73.0
-1.16 -99.17
0.73 54.5
-1.08 -35.98
-0.4 -29.31
0.42 -6.52
0.8 63.51
1.24 64.05
1.33 38.12
0.04 9.09
-0.51 3.17
0.8 35.55
1.37 62.8
1.35 77.54
0.07 8.29
0.53 27.1
1.07 69.34
-1.49 -56.85
1.2 31.85
-0.96 -53.45
-0.55 -52.86
1.4 92.32
-0.82 -26.45
1.78 68.69
-0.35 -1.74
-0.3 -6.96
-0.5 -30.73
0.78 3.63
0.63 28.05
-0.15 -2.72
-0.65 -26.02
-1.83 -101.55
-0.76 -54.9
1.18 54.43
-0.81 -62.57
-0.34 -14.03
0.08 -4.63
-0.54 -37.68
-0.65 -11.67
-1.5 -53.09
-1.94 -78.36
0.23 10.3
-2.15 -60.91
0.93 49.9
1.9 61.63
1.68 68.6
-1.53 -69.48
-0.88 -33.72
1.07 36.48
-0.28 0.17
-0.5 -9.1
0.73 44.93
-1.16 -10.55
0.9 60.2
1.63 83.03
-1.87 -124.88
0.61 9.22
2.82 99.39
1.55 52.73
0.49 18.2
0.31 48.33
1.29 69.86
2.08 115.94
-0.47 13.07
3.5 159.57
-0.54 -2.46
-0.12 -13.1
-1.0 -39.56
0.9 7.13
0.04 17.72
1.57 120.39
-2.68 -154.21
-0.38 -9.43
-0.41 -74.09
1.91 81.83
1.0 64.13
-0.59 -47.55
2.5 126.43
-0.04 9.54
0.75 16.14
1.15 48.16
1.55 79.75
-0.68 -5.26
1.32 58.78
-1.47 -84.21
0.71 43.1
0.57 41.8
0.55 23.08
0.32 -9.24
2.66 129.03
-0.56 -24.01
1.08 54.9
-0.82 -29.79
1.02 43.36
0.51 46.73
-0.49 -11.12
-1.4 -58.14
-1.32 -73.51
-0.16 -31.28
0.19 25.88
0.32 12.83
0.55 6.89
-0.97 -45.97
0.97 49.47
-0.71 -63.54
0.45 -20.03
0.22 9.82
0.71 31.68
-1.33 -64.04
0.02 -18.07
0.32 34.78
0.34 -1.22
0.3 1.92
-1.32 -49.77
-0.77 -22.79
-0.25 -21.81
-0.85 -75.51
1.82 56.58
0.56 31.8
-0.01 42.07
-0.29 -36.8
-1.31 -63.76
-0.36 -11.58
-0.97 -27.29
-0.12 -30.95
-2.21 -105.04
0.32 14.36
-1.19 -24.92
0.67 49.01
-1.24 -67.41
-0.38 -30.62
-0.67 -18.81
-1.57 -71.47
0.15 -31.2
0.54 39.53
-0.14 6.6
0.17 -2.7
0.42 40.74
1.28 58.0
-0.92 -51.0
-1.44 -65.83
-0.32 -29.33
0.49 -7.47
0.28 -5.15
0.52 36.14
-1.56 -39.32
1.13 73.96
0.68 17.79
-1.59 -100.92
-1.44 -89.78
-1.47 -43.57
0.9 13.1
0.05 20.81
-0.01 5.25
0.45 28.69
-0.94 -55.63
1.26 29.7
0.5 50.38
1.57 95.88
-0.58 -18.21
0.27 -15.63
1.74 65.25
1.32 53.79
-1.33 -97.78
-0.57 -17.47
1.63 97.39
-0.46 -58.34
-2.24 -123.24
-0.66 -15.55
1.22 61.56
-0.61 -51.77
-0.86 -79.62
0.71 39.06
-0.32 20.5
-1.45 -54.83
0.9 101.32
-0.67 -56.13
0.83 68.92
-0.66 -28.79
-1.52 -74.68
-0.78 -16.03
-0.51 -50.74
0.22 -13.45
-0.57 -41.35
0.12 -4.74
1.16 18.53
-0.99 -64.39
0.11 8.26
-0.16 -26.86
-0.16 15.47
-0.68 -46.51
-0.25 -6.46
-0.14 -57.02
1.17 74.4
-1.36 -59.29
0.95 21.55
1.03 81.16
-1.16 -33.07
2.22 100.42
-0.02 -9.32
1.13 43.74
0.8 53.46
0.14 26.1
0.17 -8.27
-1.34 -20.72
0.21 13.24
1.31 58.66
-1.11 -34.77
-0.81 -17.11
0.4 20.53
-0.78 -34.93
-0.88 -14.75
1.02 47.12
-0.19 -16.28
1.38 79.86
0.32 -28.96
1.7 105.25
-0.53 -34.24
0.62 24.68
1.39 63.55
-1.0 -58.24
0.01 -6.93
-1.09 -84.87
0.9 1.86
-1.32 -68.35
1.35 64.43
-2.01 -82.73
1.73 80.15
0.49 5.07
-0.98 -54.93
-0.69 -46.5
0.12 3.51
0.45 -14.05
-0.54 -9.81
0.07 -9.31
-2.46 -105.27
-1.66 -126.2
0.63 18.01
0.52 48.09
-0.23 -11.24
0.29 23.32
1.18 78.66
1.11 50.92
0.38 -0.5
-2.76 -161.13
1.63 93.01
-0.82 -28.72
0.87 36.15
0.15 -15.05
-0.72 -27.44
-1.53 -53.05
-0.67 5.53
-1.85 -106.39
-0.76 -41.52
0.86 77.96
-0.7 -45.97
0.05 -8.34
-0.04 9.79
-0.68 -62.0
0.73 -3.02
0.01 9.03
-1.0 -52.42
-0.43 -5.48
1.32 58.89
0.41 39.9
0.99 26.88
-0.83 -68.35
-1.99 -117.71
0.02 26.42
-1.36 -85.85
0.29 -2.57
-1.98 -100.45
0.46 36.8
2.27 89.35
-0.24 -3.43
0.42 16.04
-0.49 -10.12
1.57 40.08
1.07 63.7
0.08 -13.75
-1.69 -76.45
-0.51 14.28
0.53 9.58
-0.94 -25.02
0.53 24.73
0.21 -19.45
-0.09 -11.82
0.9 67.64
1.05 90.22
0.12 16.87
1.54 79.74
-0.77 -41.91
0.33 33.14
-0.42 -22.93
-1.98 -108.01
1.68 106.98
0.03 16.9
-1.39 -54.95
0.66 -14.55
0.06 -7.23
0.17 -27.69
-2.65 -122.62
-0.79 -5.18
-0.76 -26.07
-0.45 -29.11
-0.52 -36.95
0.32 -13.39
0.16 -22.86
-0.32 -36.27
0.62 65.47
-1.82 -58.78
-1.31 -31.12
-0.65 -40.26
0.31 -9.94
0.84 3.07
-0.14 -28.37
-0.0 -10.41
-0.72 -30.2
0.6 30.71
1.09 47.27
-0.22 23.71
0.22 -33.28
1.83 67.48
-0.87 -23.63
0.6 1.52
0.97 36.3
-0.33 -3.78
-1.34 -78.62
0.68 46.16
-0.17 -25.47
-0.31 -5.01
1.05 43.77
1.52 32.91
-0.2 -33.96
-0.01 -18.6
-1.43 -96.41
-0.43 2.75
1.24 60.06
0.13 -1.56
0.77 51.38
-0.81 -59.1
-1.02 -58.42
-0.34 -4.24
0.37 18.31
1.42 69.97
0.05 -19.08
-1.17 -46.46
-1.35 -26.58
-2.22 -93.17
-0.46 3.72
0.14 -11.35
-1.0 -24.57
-0.33 9.79
-0.26 -19.63
0.45 -4.8
1.15 45.67
2.31 136.82
0.19 10.32
0.32 11.55
2.2 61.3
-0.7 0.14
-0.4 -16.4
1.28 59.65
-0.76 -30.14
0.05 -8.22
0.75 44.03
0.14 8.48
-0.91 -59.2
-0.49 -9.61
0.2 -33.22
0.97 55.24
-2.44 -76.86
0.76 66.88
0.02 -37.25
0.47 27.81
-0.09 -20.8
1.54 74.75
0.86 49.14
-0.46 -32.75
0.01 -3.8
-1.43 -56.0
-0.42 -27.04
0.52 38.03
-1.37 -74.94
0.08 -17.55
-0.89 -25.83
0.25 12.77
-1.7 -67.92
0.41 49.32
0.43 9.96
0.73 40.52
-0.1 -20.51
0.34 18.14
-1.53 -76.46
-0.29 -61.03
-0.06 4.31
0.76 46.44
0.88 59.34
1.18 28.17
-0.25 -26.68
-0.04 18.17
-1.92 -108.54
-0.25 0.37
1.19 43.11
-0.46 -42.12
-0.17 -11.61
