0.08 3.43
-1.41 -65.05
-0.54 -23.3
0.22 -7.86
1.07 6.08
0.68 12.07
0.73 15.95
-0.88 -2.15
1.15 11.55
0.61 23.07
-1.16 -41.01
-1.17 -24.56
-3.02 -102.61
1.14 18.09
0.41 2.23
-0.77 -8.36
-2.04 -82.16
0.02 -16.14
-0.76 -42.58
1.03 38.89
-0.94 -23.67
-0.21 -35.37
-1.28 -28.91
0.47 18.43
0.05 10.42
-2.62 -117.33
0.64 33.43
1.64 35.83
2.64 41.58
1.12 21.6
1.46 36.11
-0.08 -1.71
-0.64 -4.27
0.27 10.24
-2.06 -61.67
-0.94 19.87
0.35 -9.9
0.41 -9.27
0.7 36.77
-0.51 -15.88
0.4 9.6
0.12 6.96
0.03 11.7
-1.18 -14.03
0.36 -4.68
-0.51 25.08
-0.08 -19.54
0.98 36.47
1.77 64.0
0.02 26.21
0.32 1.01
0.79 -2.39
0.22 14.7
0.25 -14.14
0.79 51.54
0.2 0.41
-1.69 0.06
-0.89 -42.84
-0.14 27.4
-1.01 -31.02
1.37 13.07
-1.79 -23.95
1.34 20.87
0.22 16.14
0.98 28.48
-3.15 -70.82
-1.15 -56.6
0.76 52.8
1.38 43.15
0.89 22.17
-0.57 -37.57
0.08 -26.99
0.24 13.65
-1.11 -13.45
-1.37 -42.14
0.62 42.25
-1.42 -25.68
-0.72 -11.31
0.28 7.72
1.57 45.33
0.24 -33.56
-2.03 -32.13
-0.98 -24.33
-0.65 19.43
-0.12 31.15
-1.45 -56.93
0.15 -10.19
-1.22 -46.24
-0.39 12.84
-0.19 -0.09
-1.32 -32.39
-1.34 -66.96
-1.21 -28.05
0.34 3.2
-0.54 -8.79
-0.47 4.0
-0.25 -50.57
-0.6 -5.83
0.57 13.14
-1.26 -22.5
1.34 48.65
0.51 -11.46
-0.69 -11.02
-1.13 -10.95
0.28 17.01
-0.2 -51.42
-1.8 -65.36
-2.18 -50.46
0.07 11.19
0.06 -14.71
0.41 11.11
0.18 -30.63
-1.04 -42.22
2.14 33.61
-0.16 2.17
1.37 21.51
0.64 0.71
-1.12 -10.27
-1.53 -43.52
0.14 21.68
1.9 69.58
-0.11 -13.21
-1.17 -38.97
-0.63 -39.23
0.3 -10.58
1.34 75.9
1.29 35.35
0.69 7.92
-1.62 -77.8
-0.69 -39.36
3.04 57.11
1.3 18.19
0.03 4.84
0.98 -12.45
-1.19 2.07
0.93 42.77
-0.57 -26.31
0.47 38.18
1.01 -6.07
-1.07 -51.43
-0.66 5.24
1.23 31.07
-1.35 -52.86
-0.53 -34.29
-0.08 -2.67
0.05 -3.14
-0.96 -3.89
-2.21 -54.58
1.66 20.9
0.38 21.0
0.84 33.22
-0.54 -42.14
-1.09 -14.05
-0.57 -39.53
1.64 43.59
0.35 14.03
-0.47 -48.36
1.41 37.72
-2.09 -34.9
-0.81 -4.23
0.32 7.91
-0.08 16.57
-0.38 -25.01
-0.7 -63.11
-1.68 -44.53
-0.63 5.52
0.78 39.51
1.02 6.33
-1.59 -44.67
1.41 31.2
-0.22 -54.32
-1.41 -25.62
-0.16 -13.39
1.83 35.24
-1.51 -52.91
1.41 71.5
-0.79 -8.43
-0.6 6.71
-0.16 -44.99
-1.57 -55.61
-0.79 -10.83
0.08 -8.42
0.66 7.13
0.58 1.8
-1.2 -8.8
-0.74 -30.68
-0.2 -1.12
0.77 49.53
-0.91 -19.83
-0.4 -44.09
-0.59 -61.66
0.51 39.69
-1.13 -26.93
0.46 36.37
0.28 2.13
-1.06 -19.04
-0.93 15.09
1.75 29.06
-0.62 -59.26
-1.01 -61.82
0.33 24.18
0.64 32.8
-0.48 -25.59
-0.05 -1.07
0.04 -33.21
0.38 36.37
0.22 5.25
0.04 23.55
0.8 26.43
1.27 35.77
0.25 30.83
1.39 19.28
0.48 11.98
0.33 -27.52
0.94 29.69
1.31 28.15
-1.69 -57.21
0.2 -8.58
0.75 19.83
-0.63 -9.3
-0.03 -38.96
-0.59 -32.89
0.16 26.81
-0.0 -15.58
-0.42 -1.04
-1.21 -61.16
-1.23 -14.87
-0.97 -41.1
0.57 -26.55
-0.96 -39.28
-1.02 -58.31
1.62 49.05
-1.61 -81.74
-0.65 34.3
0.2 -18.28
-0.53 6.19
-0.57 -65.83
-0.29 14.09
-0.18 6.09
-1.01 -3.98
-0.69 0.12
-0.4 -24.44
-0.46 -44.02
-2.35 -63.92
0.51 7.94
1.14 41.85
1.09 20.89
0.53 -1.97
-0.17 6.53
0.13 48.49
-1.2 -32.59
0.76 -4.67
-0.73 -61.78
-2.22 -69.51
-1.32 -18.84
-0.17 -15.55
1.23 81.42
2.19 83.56
-1.39 -31.08
-1.66 -40.99
0.21 4.13
0.24 20.25
0.32 0.53
0.32 15.21
-0.12 1.28
-0.38 12.02
1.08 -7.53
-1.03 -29.92
-0.04 23.65
-1.24 -17.77
0.69 36.53
0.56 15.26
1.47 52.5
-0.47 0.64
0.05 -12.2
0.97 56.65
0.67 35.72
0.32 35.08
0.96 -12.22
-0.78 -47.17
-1.01 -16.97
0.89 23.12
-0.52 -23.5
0.51 35.33
0.75 31.03
1.78 52.27
-0.17 16.3
-1.29 -25.32
0.06 9.44
-0.65 -5.88
0.74 25.13
-0.82 -35.78
0.74 4.57
0.27 -9.43
2.53 84.75
0.45 -8.53
0.68 -4.39
-0.41 -27.88
0.15 1.75
0.7 43.43
-1.14 -4.32
-0.48 5.8
0.06 17.8
1.29 40.15
1.45 38.56
1.48 23.82
-0.04 -15.42
-2.15 -81.06
0.23 2.81
-1.0 -15.58
0.76 38.57
0.53 11.08
-0.25 -5.56
-0.62 -37.62
-1.69 -76.19
0.65 8.84
-0.17 5.05
-0.64 -26.58
-2.49 -54.28
-1.53 -48.73
-0.0 -6.27
-0.64 -12.03
0.46 38.01
-0.71 -6.13
-0.02 -3.21
-0.11 8.74
0.59 21.32
-0.9 -53.19
-0.72 -34.93
0.52 26.67
0.69 5.13
-0.56 -27.83
0.36 25.91
-0.07 23.24
-0.02 2.16
-0.58 -15.85
0.5 33.33
-0.68 -56.0
0.25 -7.47
0.21 12.24
-0.88 15.1
-0.81 -7.1
-1.1 -42.82
-1.3 -18.39
-1.56 -47.5
1.17 43.36
-1.38 -48.59
1.06 -1.6
-2.56 -41.24
-0.22 -0.06
2.11 56.46
-0.69 -27.66
-0.09 30.86
0.1 34.58
1.11 40.14
-1.18 -29.85
-0.67 -19.36
-0.6 -39.86
-0.88 -44.31
-1.16 -59.05
-0.96 -29.51
-0.15 14.19
0.71 14.6
-0.57 -13.67
1.21 12.98
-2.0 -81.25
-0.34 -16.34
-1.16 -27.58
1.27 41.09
0.52 43.81
-0.11 -8.78
-0.13 -18.71
0.19 8.07
-1.7 -25.34
1.51 49.08
0.67 10.0
0.6 22.4
-0.33 -6.98
0.21 -5.41
-1.84 -38.86
1.23 21.6
0.54 48.32
-0.13 5.64
-0.08 39.59
1.12 22.77
-0.09 -6.29
1.76 10.44
-0.52 -19.82
1.27 38.71
0.69 39.24
0.64 31.43
-0.9 -20.3
-0.33 -5.58
0.68 10.34
0.14 -9.01
-0.94 -33.4
-1.6 -34.89
1.63 70.83
-0.07 -10.32
1.01 30.95
-0.4 -58.0
0.33 16.52
0.42 20.82
-0.71 -17.03
0.35 10.1
-0.68 -36.88
1.08 55.4
-0.83 -55.63
0.65 13.68
-0.19 41.91
0.17 13.87
-0.12 2.03
0.34 8.16
0.17 7.53
-0.12 0.29
3.17 95.19
-0.19 49.43
0.83 36.36
-0.26 40.07
-0.86 -36.58
-0.58 4.87
0.95 71.61
2.87 83.26
0.07 12.77
-0.91 -16.57
1.52 48.64
-1.58 -34.95
-0.1 -49.77
0.87 -7.94
-0.35 17.72
1.52 36.59
-0.84 -22.18
0.61 19.81
0.1 -7.43
-1.57 -27.73
1.68 44.82
-0.41 -23.74
0.87 -19.35
-1.2 -37.47
-0.18 7.18
2.24 94.85
-0.57 -5.28
-0.09 -3.26
-0.41 8.01
-1.27 -72.71
0.87 61.99
-0.8 -61.45
0.87 8.18
-0.57 -2.53
-0.49 -14.1
-0.73 -1.57
1.7 29.85
0.74 27.33
0.37 -1.08
0.51 23.34
0.16 26.82
0.43 23.93
0.5 18.84
-0.57 -2.74
0.45 34.08
1.0 43.09
-0.25 10.97
0.05 -21.11
0.35 15.14
2.03 83.78
-0.55 -14.77
0.07 -21.26
-0.03 4.92
0.31 17.55
-1.15 8.94
-0.84 -19.03
0.26 41.07
-1.1 -23.44
-0.57 11.81
-1.19 -6.96
1.69 53.85
0.15 41.06
-0.16 1.14
-0.65 -17.7
1.93 69.22
-0.73 -49.91
1.09 34.58
0.68 32.31
-0.6 -38.92
-1.16 -17.4
0.51 20.5
-1.16 -39.55
0.5 44.5
0.01 -24.12
-0.66 -16.88
-0.44 -20.62
-0.77 -28.94
-0.02 -18.17
0.22 -2.89
-0.58 8.96
1.1 24.7
-0.78 -51.82
-1.0 -36.33
-2.6 -57.97
0.89 35.08
