-1.53 171.0
0.71 173.19
2.11 143.62
-0.18 153.15
-0.03 174.57
-1.0 181.24
0.82 143.97
-0.08 152.42
0.02 170.7
0.77 164.44
-0.97 177.62
-1.45 180.32
0.38 144.55
0.62 143.15
0.11 156.58
-0.45 152.54
0.19 152.66
-0.14 158.21
-0.98 191.51
-2.03 205.02
0.91 148.66
-0.91 184.16
0.86 149.12
0.55 147.23
2.5 125.16
0.01 161.11
0.62 154.79
0.6 143.17
0.24 137.98
0.24 168.14
1.67 143.84
0.56 172.93
2.32 159.37
-0.17 180.09
0.66 150.85
1.04 130.11
-0.9 182.08
0.18 176.46
-1.86 172.17
0.35 175.38
-0.53 178.08
0.86 174.02
-0.44 194.88
-0.42 159.6
-1.28 165.76
1.41 164.99
0.27 178.14
-1.32 177.85
-0.17 189.08
-0.58 177.66
0.46 184.54
-0.83 148.23
1.54 158.64
-0.29 177.9
-0.19 164.81
-0.54 185.75
0.01 159.26
0.45 153.65
-1.11 175.09
0.1 180.43
1.54 151.8
-0.52 189.98
-1.77 181.13
-0.37 166.83
-1.54 156.8
0.46 156.23
-0.12 170.53
-0.6 171.95
-0.07 177.12
1.39 167.15
-0.23 166.11
1.85 148.66
-0.81 165.83
-1.35 178.56
0.29 172.68
0.81 181.79
-0.1 169.83
1.41 169.3
0.55 156.81
-0.56 163.18
1.28 154.76
4.01 135.21
0.23 161.01
1.11 147.04
-0.75 183.28
0.99 166.55
-0.42 201.04
0.45 155.0
0.31 151.3
0.48 178.57
-0.97 179.36
2.27 161.99
-0.55 184.08
0.19 159.21
-0.97 174.01
-0.82 165.09
-0.6 147.07
0.61 154.74
0.1 158.29
-0.15 163.57
0.54 161.3
0.36 157.44
-0.75 147.24
0.08 179.36
-0.99 185.79
-0.63 168.76
0.7 135.99
0.48 155.22
-1.0 179.45
0.57 181.23
0.82 169.8
0.79 176.61
-0.3 186.0
0.42 164.29
1.41 158.5
-0.37 161.74
0.68 170.7
-0.29 167.34
0.28 153.28
-2.03 187.6
-0.88 182.06
-0.26 142.03
-0.54 191.31
0.42 142.28
1.26 165.8
0.18 146.62
-2.0 175.66
-0.95 174.18
0.28 179.44
-0.76 149.52
0.97 163.18
-1.03 184.82
1.15 143.91
-0.37 169.2
-0.99 178.92
-1.95 189.71
-0.76 162.85
1.33 133.99
-0.9 165.74
-0.47 144.87
1.03 155.09
-0.35 180.08
2.04 164.3
-1.84 199.24
-0.62 167.53
1.16 165.62
1.69 150.03
0.17 173.04
-0.5 177.8
0.03 160.93
-0.16 178.48
-0.0 174.23
2.15 146.73
-0.98 197.38
0.39 152.63
-0.99 196.38
-0.95 165.31
-0.34 167.21
-0.07 176.27
1.05 152.19
1.87 159.86
0.02 153.08
1.52 152.46
0.71 153.23
-0.4 152.68
-0.57 168.27
-1.54 178.34
-0.52 142.59
1.05 154.71
-0.13 197.04
0.2 169.82
2.69 146.4
0.73 161.17
-1.1 195.08
-0.91 186.93
0.72 157.56
-1.28 184.64
0.32 150.19
1.44 163.24
1.18 144.71
-1.59 169.08
-0.47 174.57
0.4 159.21
-1.85 176.06
1.24 170.94
-0.24 144.32
-0.56 177.82
-2.28 197.22
0.05 154.19
0.69 146.61
0.09 175.67
0.23 164.18
-1.85 196.51
0.36 174.64
1.71 141.17
-0.25 188.16
0.64 162.15
-0.42 172.55
0.77 161.28
1.45 144.11
0.69 172.09
-0.52 194.03
-1.57 183.99
0.05 190.27
-0.5 163.02
0.38 158.25
-1.88 176.88
-0.34 182.02
1.09 161.13
0.37 159.88
0.13 165.35
-0.99 174.32
0.76 155.38
0.14 159.43
1.25 160.61
-0.15 174.19
0.14 143.72
-2.63 191.18
-1.16 198.2
0.09 157.26
0.34 162.46
-0.53 183.5
-0.99 185.64
1.34 164.23
-1.73 202.97
1.57 161.97
2.18 158.69
-1.46 177.96
0.52 142.61
-0.1 164.32
0.26 132.38
0.43 158.6
1.0 146.37
-0.37 178.16
-1.22 171.59
0.32 163.51
-0.0 164.95
-0.23 173.13
-0.2 174.51
-2.06 170.59
0.58 160.36
0.67 178.98
-2.85 190.55
-0.12 176.1
-0.13 175.72
-0.07 157.57
-0.36 152.3
-0.93 174.37
-1.27 190.05
0.25 156.87
-0.5 165.29
-0.15 173.84
1.56 164.53
1.4 182.59
0.06 170.37
-1.72 176.5
-1.32 178.47
1.13 154.09
-0.91 182.73
0.81 155.06
-1.19 175.83
-0.08 149.18
-0.55 169.73
1.07 127.32
0.45 178.29
-0.78 168.18
-0.33 185.5
0.13 164.77
-0.09 160.77
0.49 135.17
-0.62 187.07
-0.06 173.14
0.38 157.74
-0.52 149.18
0.61 149.09
-1.31 173.14
0.14 150.41
0.98 173.83
0.55 144.21
-0.18 143.33
1.24 159.73
-1.32 194.07
-0.41 159.12
1.19 177.61
3.08 130.41
-0.48 163.06
-1.23 190.28
1.06 153.09
0.4 169.16
-1.93 177.19
-1.19 159.41
0.37 160.41
0.32 181.93
-0.75 165.94
-0.28 176.38
-4.66 202.9
-0.5 175.94
0.18 153.42
-0.1 169.02
0.25 179.99
-0.21 181.54
-0.47 170.38
-0.27 163.95
-0.38 162.95
-0.55 165.69
0.73 148.31
0.42 179.22
-0.12 161.91
1.83 149.45
0.09 169.44
-2.07 171.19
1.26 141.84
-0.79 148.03
2.17 148.49
-0.57 165.52
1.26 188.05
0.77 167.24
-1.26 187.23
-0.85 171.26
-0.16 164.12
-0.0 170.18
-0.56 172.38
-0.44 163.45
1.39 149.56
-1.43 204.79
-0.57 171.34
0.75 155.51
-0.76 172.94
0.35 161.2
1.07 154.7
-0.06 158.38
1.27 138.03
0.9 163.6
0.42 166.62
-1.57 145.64
1.54 155.24
-1.0 172.06
0.29 167.02
1.11 144.06
0.8 158.92
0.91 130.18
-0.92 166.11
-0.52 162.03
0.01 169.45
1.4 134.25
-2.07 205.44
0.39 175.72
-0.7 162.6
-0.46 147.88
-0.11 149.36
-0.6 173.88
1.67 153.35
-0.71 183.78
0.28 143.83
-1.62 182.02
-0.43 161.5
-0.37 169.52
0.48 132.03
0.06 159.91
0.38 169.17
-0.85 154.62
-0.09 173.34
-0.79 176.05
-0.48 172.58
0.25 166.64
0.66 155.43
-0.87 170.7
-1.03 187.75
-1.33 167.25
0.52 163.44
2.21 147.25
-0.76 161.09
0.08 162.48
0.88 147.96
-1.9 199.26
-0.08 180.99
-1.25 162.36
1.19 141.24
-0.14 154.73
0.77 155.44
-1.06 163.47
-0.26 186.32
-0.0 164.31
-0.81 178.98
0.14 157.81
-0.19 160.18
0.83 146.75
0.77 171.16
-0.5 165.8
0.01 160.08
-1.22 188.71
0.26 169.06
1.53 151.16
-1.72 199.63
-0.03 167.54
1.41 146.51
-0.05 154.9
-0.03 155.42
1.06 175.89
0.55 174.27
-1.28 193.82
-1.04 197.11
-0.93 172.48
1.66 146.78
1.84 149.63
1.99 139.18
-1.11 193.46
-0.28 166.98
-1.57 184.04
1.37 152.04
1.19 165.28
-1.14 179.64
-0.25 187.95
0.29 180.02
-1.71 178.21
-0.78 175.74
-1.26 184.86
-0.56 156.85
-0.04 167.77
1.03 150.29
-1.35 191.26
1.66 146.27
0.4 147.54
1.09 144.31
-1.94 182.24
-0.03 184.43
0.22 161.65
0.89 146.97
1.53 142.0
-1.35 178.79
0.19 165.47
0.38 172.91
0.27 166.4
-1.37 182.94
0.59 158.65
0.22 157.88
0.6 165.62
-0.16 164.04
-0.48 192.69
0.38 156.88
0.54 160.71
1.08 152.42
0.43 153.83
-0.78 191.5
0.27 163.92
-0.12 174.82
1.58 139.42
-1.22 184.09
-0.02 173.92
0.56 182.03
-1.26 189.45
-0.5 180.37
-0.6 188.93
-0.77 195.18
-0.96 162.88
-1.35 196.99
-0.98 181.18
0.59 170.87
0.19 167.82
-0.64 176.13
-0.8 164.97
0.03 172.15
0.94 146.59
-0.24 174.31
0.25 157.35
-0.89 182.9
-0.11 185.18
1.04 165.33
-0.46 180.18
0.2 166.74
3.47 120.19
0.71 175.25
0.82 159.62
1.06 141.57
2.05 159.49
-0.63 172.06
-0.23 170.91
-1.49 182.15
-1.71 159.7
0.88 154.66
0.68 167.98
0.8 162.66
-0.07 173.26
-0.35 167.71
0.95 147.89
-0.01 159.64
0.12 158.16
-0.93 184.57
0.32 157.86
0.72 152.49
0.88 171.21
2.96 140.29
0.33 178.61
-0.57 173.54
0.14 169.68
-1.26 181.2
-0.31 181.85
-0.67 150.67
1.7 170.96
-0.43 178.94
