1.0 -365.06
0.32 -367.62
-0.62 -343.42
0.51 -358.01
-0.34 -345.94
1.81 -403.38
0.47 -358.84
0.26 -363.6
-0.61 -333.05
-0.6 -343.21
-0.56 -337.91
-0.06 -354.29
-0.66 -338.69
0.44 -378.88
2.04 -402.52
-1.08 -325.4
-1.03 -333.74
0.94 -372.25
1.86 -396.19
-0.04 -361.13
-1.26 -315.7
0.13 -364.46
-0.56 -338.25
0.43 -372.57
0.3 -364.04
0.86 -377.15
0.45 -354.95
0.75 -369.77
-0.28 -357.68
-0.67 -338.06
0.91 -360.42
-0.96 -325.42
-0.08 -348.2
0.07 -358.26
0.83 -373.87
1.66 -388.41
0.47 -368.13
1.48 -389.77
-2.25 -301.44
1.48 -395.76
1.51 -388.16
-0.15 -351.92
-0.62 -345.66
-0.72 -343.05
-1.55 -333.21
0.78 -367.38
0.5 -385.03
0.42 -359.44
-0.05 -344.16
0.13 -359.91
0.55 -361.31
0.21 -364.74
1.37 -383.01
1.25 -399.12
1.58 -387.53
1.81 -393.34
-0.64 -345.5
0.0 -364.82
-0.71 -333.86
-0.23 -351.75
0.49 -353.04
-0.94 -332.28
-0.41 -343.47
0.35 -356.07
-0.13 -344.35
-0.64 -336.46
-0.97 -325.07
-0.0 -357.91
0.05 -365.02
-1.5 -317.74
0.88 -378.58
-0.7 -344.6
-1.7 -327.21
0.94 -378.66
-0.7 -339.96
2.68 -424.08
0.02 -357.98
-0.88 -342.51
0.45 -373.97
0.14 -369.76
0.14 -356.18
-2.11 -297.27
-0.84 -338.09
-0.07 -352.59
-0.77 -338.23
0.54 -365.46
1.67 -412.99
-0.21 -362.22
-0.38 -351.87
1.32 -393.68
-0.28 -350.66
0.71 -362.69
0.94 -376.79
-0.69 -344.15
-0.22 -351.94
-0.3 -346.98
0.33 -361.23
-1.05 -331.88
-0.17 -357.59
1.18 -382.47
-0.23 -355.47
-0.04 -361.67
0.46 -368.25
1.07 -385.59
-0.84 -330.95
-1.74 -315.85
-0.87 -336.65
-1.03 -335.33
1.63 -396.93
-1.24 -331.38
-0.78 -340.88
0.12 -362.15
0.62 -363.61
-0.53 -344.86
-0.69 -338.81
0.13 -357.63
-0.01 -354.83
-2.82 -293.65
-0.79 -333.62
-1.28 -327.81
-1.53 -318.24
1.39 -384.34
0.77 -370.65
0.1 -356.6
-1.46 -327.38
2.57 -409.31
-1.08 -339.72
-0.02 -343.86
-0.73 -343.73
0.79 -377.63
0.45 -370.93
-0.9 -351.22
1.09 -379.04
-1.07 -331.6
0.47 -369.49
0.06 -358.75
-1.18 -344.03
-0.29 -340.64
-0.43 -354.9
1.31 -384.15
0.83 -374.5
-1.01 -336.96
1.1 -375.35
-0.7 -343.29
-1.68 -323.91
0.29 -354.41
0.75 -361.05
-0.53 -348.7
-1.1 -332.22
1.43 -378.74
0.09 -361.15
0.62 -359.25
-0.46 -350.2
1.59 -387.32
0.71 -378.0
0.67 -367.19
1.1 -367.11
-1.57 -307.55
-0.27 -347.07
-0.77 -352.67
0.51 -371.12
-0.03 -351.64
-0.08 -355.78
0.79 -358.7
-0.64 -334.97
0.72 -373.14
0.31 -356.59
-1.24 -312.2
-0.34 -345.08
-2.25 -304.45
0.37 -365.25
-0.99 -339.74
-0.28 -340.61
-1.18 -338.8
0.46 -371.94
-0.04 -355.28
-0.34 -352.18
-0.76 -345.97
-0.74 -345.01
1.05 -374.75
1.21 -384.24
1.88 -387.29
1.67 -395.36
-0.29 -340.49
0.4 -358.32
0.65 -363.05
-0.79 -352.53
1.82 -400.19
-0.37 -348.79
0.1 -356.66
-1.19 -333.47
0.56 -375.53
-1.0 -328.27
-0.88 -335.27
0.77 -379.73
-0.67 -333.58
0.49 -369.16
0.49 -362.26
-2.49 -295.33
0.97 -381.57
1.48 -392.65
-0.88 -331.34
-0.82 -342.61
1.0 -389.6
-1.32 -334.41
-0.8 -349.59
-0.33 -349.43
-0.84 -343.42
-0.48 -347.0
0.68 -364.22
-0.1 -362.78
0.35 -376.06
0.91 -373.95
0.25 -368.65
0.23 -360.06
0.2 -348.51
0.25 -369.76
1.4 -382.38
-0.8 -327.44
-1.48 -329.74
-1.07 -330.75
-0.96 -334.17
1.08 -390.31
0.93 -370.78
-0.59 -338.85
-0.09 -351.72
-1.04 -337.49
0.38 -349.5
1.24 -381.09
-0.1 -358.82
-0.27 -358.99
-0.04 -363.77
-0.21 -360.4
-0.76 -343.07
-0.84 -341.91
-0.43 -358.09
-0.18 -355.95
-0.74 -342.91
0.31 -353.03
-0.15 -358.99
-0.94 -331.64
-0.59 -339.2
-0.94 -328.53
-0.11 -353.63
0.44 -370.02
-0.29 -343.05
1.02 -388.36
0.12 -349.68
-1.08 -334.33
-0.03 -348.67
0.16 -354.76
-2.89 -289.88
-0.13 -350.72
0.82 -369.85
-0.11 -348.74
-0.28 -361.31
-1.24 -333.47
-1.12 -319.7
0.4 -357.14
0.91 -368.65
1.97 -397.31
1.05 -375.38
0.55 -377.55
-0.18 -351.14
1.03 -382.42
-0.35 -342.35
0.0 -362.81
0.34 -367.01
-1.4 -327.11
0.2 -343.78
0.35 -362.36
-0.22 -348.59
0.38 -369.48
0.72 -370.66
0.12 -378.58
0.4 -357.16
-0.43 -353.89
0.83 -358.57
0.05 -355.45
-0.33 -343.05
0.89 -373.43
0.24 -373.56
0.2 -348.45
-1.21 -322.62
-0.29 -350.14
-0.35 -348.42
-0.5 -342.7
-0.89 -334.46
-2.15 -310.42
-1.16 -323.79
0.66 -362.83
1.0 -373.63
-0.5 -342.87
-2.09 -305.33
-0.41 -360.42
-0.45 -348.43
-1.36 -320.44
1.38 -376.31
0.5 -363.83
1.26 -380.79
0.38 -357.62
1.54 -394.39
2.28 -404.15
-0.34 -349.55
0.07 -355.56
1.11 -386.7
-0.03 -360.03
0.14 -354.77
-0.76 -358.51
0.28 -375.17
-0.28 -351.32
-0.73 -347.58
0.52 -361.99
-0.13 -360.63
-0.44 -351.5
0.13 -349.59
-1.29 -339.74
0.49 -372.06
-0.36 -340.88
0.15 -362.71
-0.87 -349.61
-0.68 -354.64
-0.56 -334.89
-0.78 -345.11
-0.67 -329.21
-1.95 -317.61
-0.89 -324.03
1.29 -397.76
-0.37 -347.49
0.07 -349.79
0.09 -350.94
0.35 -372.83
0.32 -372.38
-0.55 -345.07
0.39 -366.98
0.96 -374.67
-0.92 -335.03
0.84 -386.82
2.01 -406.66
-1.34 -341.54
0.11 -359.52
0.39 -375.63
-1.79 -301.69
-0.95 -328.47
1.55 -385.22
-1.61 -320.96
-0.45 -343.99
-1.69 -322.85
-0.02 -355.3
1.02 -385.74
0.04 -354.09
-0.97 -333.59
0.17 -362.9
1.34 -381.87
0.32 -358.5
-1.0 -342.38
-0.94 -333.28
-1.02 -338.91
0.53 -359.69
1.4 -378.49
-0.09 -355.64
-0.49 -356.54
-1.12 -348.33
-0.59 -334.86
-0.74 -323.54
-0.75 -344.1
-0.08 -358.95
0.46 -362.28
-0.54 -349.62
-0.21 -358.98
-1.05 -335.76
-0.19 -359.2
-1.32 -332.02
-0.59 -350.33
-1.16 -323.4
-1.93 -304.14
-1.22 -325.32
0.22 -362.47
-0.33 -357.39
1.52 -391.12
1.13 -384.78
1.26 -382.29
-0.25 -360.43
-0.31 -336.77
0.11 -355.61
0.71 -372.47
-0.94 -327.24
0.96 -374.8
-0.29 -350.09
0.65 -390.32
0.58 -363.18
0.63 -364.91
0.03 -354.86
0.71 -384.97
1.66 -403.2
-0.76 -331.76
-0.22 -350.12
-0.89 -334.56
-0.5 -354.31
0.72 -355.99
-0.27 -346.04
-0.3 -360.38
0.2 -360.28
1.27 -381.65
-0.2 -369.83
1.03 -361.15
-0.42 -340.56
-0.65 -346.83
1.54 -387.61
-0.92 -343.53
-0.8 -350.16
0.84 -376.81
0.16 -358.84
1.87 -397.9
-1.78 -326.31
1.23 -391.31
-0.16 -341.78
-0.99 -332.78
-0.55 -353.82
0.08 -359.86
-0.27 -340.97
-0.5 -343.21
0.87 -377.44
-0.84 -335.74
0.32 -353.43
-1.32 -334.4
0.9 -384.39
1.02 -365.93
-1.79 -308.98
-0.94 -347.33
-0.35 -348.55
-0.53 -345.03
-1.74 -321.84
-1.01 -342.68
0.52 -358.84
-0.15 -344.31
-0.55 -349.22
0.66 -369.69
1.72 -388.87
0.58 -372.35
-1.93 -311.41
0.77 -374.75
1.05 -386.13
2.26 -397.8
0.22 -355.15
-0.09 -351.05
-0.38 -361.15
-0.67 -338.12
0.36 -368.98
0.01 -356.06
-0.58 -347.4
1.34 -380.34
1.61 -381.42
0.5 -369.05
1.37 -382.77
-0.85 -349.87
0.76 -358.2
0.08 -342.26
-0.2 -360.53
0.54 -377.1
0.13 -348.45
-0.69 -352.12
-0.57 -339.38
1.91 -395.19
-1.53 -322.33
0.01 -356.67
0.52 -370.21
0.6 -363.17
-1.34 -315.39
-0.44 -353.69
0.72 -366.58
1.46 -376.59
1.08 -373.58
-0.56 -337.09
1.49 -394.33
0.92 -373.59
0.46 -356.7
1.25 -382.34
0.2 -368.41
-0.34 -341.24
0.28 -359.37
1.36 -383.77
-1.27 -340.54
-0.48 -356.76
0.06 -367.14
0.41 -353.58
0.1 -355.09
0.08 -354.59
0.64 -370.74
0.54 -384.08
1.81 -397.22
-0.21 -339.06
-0.52 -340.34
-0.01 -346.72
0.15 -354.84
-1.45 -315.69
-0.64 -353.18
-0.16 -357.47
0.61 -384.28
0.11 -379.89
