0.2 93.52
0.18 93.48
-1.13 24.46
-1.63 -7.87
1.12 159.8
-1.9 -24.29
0.58 115.37
2.11 226.13
0.66 124.11
-0.99 26.42
1.77 192.24
0.76 125.02
-0.51 58.52
-1.89 -33.54
0.64 116.39
0.12 92.82
0.53 125.32
0.18 98.45
-0.44 61.24
-1.35 -18.56
-0.15 76.89
-1.99 -34.07
-0.35 71.76
-0.7 30.39
-1.84 -29.63
0.64 119.31
-0.56 43.44
-0.18 77.98
0.48 105.85
1.14 148.23
-0.11 87.7
-0.24 73.93
-0.71 45.04
-0.46 55.85
0.35 120.88
-1.84 -14.99
-0.83 36.08
1.03 145.97
1.96 198.37
1.03 133.69
-1.08 23.23
0.25 110.27
-1.91 -29.05
0.78 142.75
0.98 137.44
0.82 135.25
1.23 158.95
1.12 154.13
0.94 137.44
-3.05 -91.23
0.0 80.53
-0.03 69.53
0.34 103.86
-0.68 42.2
1.47 172.4
-1.02 21.58
0.32 110.89
0.87 138.45
0.76 128.52
-0.42 48.27
0.07 84.45
-1.15 21.63
-1.0 22.57
0.17 94.93
-2.02 -47.86
0.83 133.28
0.27 104.78
0.44 115.55
-0.04 76.64
0.27 96.37
0.69 137.39
-1.71 -19.25
-0.78 35.08
1.27 154.79
-0.0 85.75
-0.51 38.82
-0.1 69.59
1.98 211.94
-0.83 27.08
-1.19 7.76
-0.18 76.41
-0.82 42.75
0.89 134.97
1.41 180.95
0.76 119.49
0.2 106.02
1.13 153.37
-0.71 50.18
-2.24 -48.68
-1.8 -16.77
-0.5 57.37
-0.22 76.48
0.52 106.66
1.18 163.15
1.15 155.98
0.99 150.99
-1.56 -3.72
0.91 136.29
1.14 146.77
0.06 83.55
-0.26 66.86
0.85 137.79
-0.77 46.66
0.25 106.15
1.73 193.3
-0.66 49.13
1.13 152.0
1.1 157.74
-0.33 72.93
1.0 155.96
0.66 131.84
0.84 131.97
-0.32 80.42
-1.05 20.25
0.11 85.74
0.3 118.15
1.2 171.53
0.32 103.09
-1.28 18.58
2.11 214.07
1.78 188.35
0.78 123.41
0.65 131.05
0.15 99.99
-1.28 8.82
0.01 91.47
1.72 196.68
0.04 84.42
0.2 85.69
-0.16 62.93
-1.92 -15.55
-0.15 70.35
-0.2 63.73
0.72 122.94
-0.35 63.89
0.2 98.63
-1.21 15.95
-0.55 46.87
0.06 92.84
1.11 145.38
0.66 121.04
-1.91 -31.14
0.11 94.73
-0.57 51.22
1.46 171.45
-1.12 32.33
-0.99 23.18
-1.25 11.36
-0.22 66.45
-0.44 58.3
0.53 117.98
0.0 97.51
-0.94 31.15
0.21 98.76
-1.14 29.72
-0.68 51.4
0.62 123.97
-0.62 32.62
-1.18 11.16
-0.55 53.96
1.52 176.68
0.85 142.05
-3.0 -98.97
-0.55 50.11
-0.08 82.58
-0.18 66.2
0.65 121.58
-1.26 10.03
-0.99 15.14
-1.29 17.8
0.7 140.61
-0.57 48.96
0.29 95.92
1.66 199.26
0.58 117.27
1.27 160.83
0.36 95.05
-1.01 15.15
-0.66 32.31
-0.51 59.02
0.19 93.69
2.2 214.93
0.09 83.95
-0.29 72.47
-0.38 51.71
0.99 149.58
-0.3 63.98
1.05 142.16
2.41 237.6
1.02 140.8
0.74 132.16
0.61 114.77
-0.74 33.35
0.63 127.04
-0.68 30.58
-1.25 9.98
2.13 206.29
-0.09 76.56
-0.99 24.49
-0.05 89.68
-1.15 4.92
0.45 114.21
0.21 90.93
-0.36 68.77
-1.15 22.7
0.59 110.97
1.66 193.66
-0.12 74.66
0.49 117.42
0.77 141.32
-1.35 16.73
-0.15 77.75
-1.64 -10.24
0.36 111.18
0.76 129.02
0.0 80.58
-0.17 66.57
-0.94 28.33
0.66 135.69
-0.22 74.5
1.92 200.52
-1.18 18.71
0.08 97.98
0.49 132.14
0.49 117.19
3.07 279.41
-0.06 80.42
-1.29 2.31
-0.61 54.62
-0.8 29.71
0.28 108.11
-1.09 16.57
-1.95 -23.45
-0.25 77.14
0.55 111.52
1.46 155.92
-1.59 -4.0
0.32 109.99
-1.88 -35.28
1.03 152.0
-0.05 67.34
-0.58 63.99
0.2 93.38
-0.59 56.01
0.07 88.12
0.56 128.27
-0.97 30.53
0.87 145.84
-0.87 30.13
1.17 151.26
-0.63 38.49
1.14 155.89
-0.17 63.84
0.86 137.7
-0.78 41.88
-0.45 61.12
-0.66 43.9
-0.04 69.2
0.04 100.9
-0.12 81.09
0.37 99.06
0.1 91.88
-1.31 -5.99
0.66 138.79
0.11 103.72
0.1 112.03
0.87 134.54
-1.54 -6.21
1.52 175.75
-0.9 29.71
0.91 138.58
0.2 102.11
0.98 140.12
1.96 206.27
1.75 183.38
-2.77 -87.27
0.35 104.74
0.46 113.36
1.64 181.32
0.41 106.82
3.35 289.36
-0.89 30.01
-1.54 -7.98
1.19 161.73
-1.37 0.25
-1.84 -32.78
1.66 181.16
1.37 164.81
-1.46 -12.89
0.33 114.45
-1.14 17.4
0.63 117.4
-0.02 93.94
0.13 82.02
1.26 170.43
-0.59 50.03
0.89 128.59
0.48 120.71
1.09 153.84
-0.65 46.61
0.01 90.85
0.65 123.79
-0.03 77.63
-0.37 62.59
0.79 129.01
-0.76 24.77
1.14 140.3
0.01 79.76
-1.08 26.6
0.05 87.68
0.75 125.54
-1.86 -19.84
1.59 181.52
-0.08 90.7
1.23 153.63
-0.2 72.58
-0.98 23.67
-0.91 36.13
-0.11 72.03
-0.05 76.98
0.91 125.59
1.16 155.86
-0.51 51.38
0.71 128.76
0.41 109.74
0.3 94.2
0.07 82.92
-0.31 66.5
-0.88 23.54
0.93 135.83
1.2 162.99
-0.74 23.31
1.96 201.48
0.71 118.55
0.39 111.58
-0.45 65.24
0.26 102.94
-0.08 75.66
0.86 143.7
-0.9 32.3
-0.23 60.67
0.25 100.79
0.48 118.87
0.49 120.25
-0.48 54.7
-0.85 54.12
-0.12 93.83
-0.19 72.46
-1.88 -13.94
0.56 106.52
1.0 163.32
0.05 93.52
-0.41 60.97
0.25 93.53
-1.52 -6.13
0.38 115.26
-1.39 8.27
-0.03 76.94
-1.71 -6.69
0.66 133.43
-0.25 53.36
0.83 143.24
0.71 133.79
1.24 171.22
1.05 163.72
0.07 73.38
-0.18 78.66
0.35 115.54
0.07 87.25
1.42 174.76
-0.28 75.24
-0.03 76.21
-0.75 40.99
-0.55 46.47
-1.61 -12.55
0.21 90.51
0.18 104.23
0.49 115.67
-0.77 42.71
-0.08 75.07
-0.5 43.95
0.99 149.18
-0.45 64.85
0.76 132.52
0.6 124.08
0.98 139.25
-0.75 36.64
0.3 97.77
-0.6 50.59
-1.12 24.66
-0.35 61.94
-1.33 1.66
-0.87 16.53
1.3 167.17
1.54 179.88
1.27 172.72
-0.36 53.1
-0.43 61.36
0.84 133.81
-0.25 70.6
0.42 117.29
0.12 89.87
1.11 132.88
-2.11 -46.93
-1.23 -2.91
-0.35 77.98
1.12 150.67
0.47 109.88
0.02 85.41
-0.57 42.63
0.37 122.15
0.95 144.4
0.9 135.66
-2.52 -67.66
0.65 141.64
1.3 158.87
0.68 130.82
-0.62 39.66
-0.28 55.5
-0.61 38.61
-1.49 -15.58
0.48 107.41
0.16 92.28
0.92 132.09
1.69 187.8
-0.05 79.25
-0.87 42.27
1.13 158.49
0.02 90.05
-0.93 40.15
0.81 130.39
-0.95 32.06
-0.27 90.13
-1.04 24.28
0.14 94.35
0.02 85.53
-0.31 70.48
0.88 136.67
-0.07 66.44
-1.49 -4.57
1.87 199.25
2.43 226.17
-0.51 56.97
0.2 98.31
1.3 167.04
1.06 140.7
0.98 148.05
1.04 136.63
-0.35 70.36
-0.13 79.78
-0.96 24.7
-0.49 59.37
1.2 155.86
0.24 91.42
0.34 102.44
-2.58 -65.78
0.16 92.83
-0.05 72.99
-0.79 36.7
0.73 118.37
-0.49 53.67
-1.27 17.85
0.99 132.64
-0.37 49.96
-0.08 82.95
2.77 255.32
-0.45 48.85
0.18 92.53
-1.36 0.42
0.15 92.38
-0.94 18.85
-0.32 62.39
0.62 134.86
0.8 136.23
0.9 129.13
1.21 147.42
0.66 115.41
0.49 118.02
-1.1 15.81
0.53 121.74
1.4 168.49
1.67 179.75
-0.01 83.45
0.18 85.62
-0.28 70.07
0.78 135.98
0.92 149.03
0.04 94.17
-0.0 88.47
-0.87 42.24
-1.54 -4.16
1.07 146.17
-0.04 88.02
0.69 131.17
1.25 136.29
-1.7 -27.14
-1.08 7.53
-1.28 -6.3
-0.72 32.99
-0.77 42.88
