0.5 -66.56
2.38 148.84
-1.02 -162.33
-1.97 -225.44
1.02 -8.05
-0.2 -48.29
-1.39 -170.57
2.84 161.74
1.25 35.87
0.27 -38.37
1.13 17.66
-2.33 -227.84
-0.07 -89.62
-1.31 -172.06
0.28 -31.57
-0.09 -93.82
0.8 -33.57
-0.57 -125.18
1.83 68.94
2.02 89.1
0.24 -55.55
0.23 -2.61
-0.02 -45.21
-1.21 -128.64
-0.28 -62.21
1.61 77.38
-1.89 -194.94
-1.12 -170.37
-0.08 -72.09
0.99 31.24
-1.16 -190.02
-0.68 -127.05
-0.79 -137.88
-0.09 -65.57
1.32 38.09
-0.65 -86.86
-0.69 -134.81
0.81 -19.61
1.2 58.42
-0.06 -87.74
0.89 20.53
-0.14 -73.45
-0.27 -91.79
-0.42 -97.73
-0.85 -167.91
0.86 -18.92
0.72 -18.87
0.18 -92.42
1.35 28.02
-1.46 -174.05
-0.87 -155.69
-2.32 -262.02
-0.81 -146.11
-1.18 -134.51
0.29 -22.26
-0.44 -65.14
-0.82 -103.55
-1.1 -139.68
-0.94 -111.63
0.87 41.3
-0.53 -97.72
-0.38 -100.62
-0.92 -131.64
-0.59 -108.36
-2.0 -204.91
1.52 51.52
0.49 -40.18
-0.8 -124.09
-2.78 -260.91
-2.34 -257.8
2.24 98.82
0.89 -20.55
0.15 -76.85
-1.44 -208.07
-0.2 -35.79
-0.94 -131.86
0.92 -5.02
0.35 -72.45
-0.8 -148.4
0.03 -65.09
0.06 -112.35
0.76 -17.42
0.41 -48.76
-1.46 -176.92
-0.38 -98.73
-0.22 -105.55
2.27 100.22
0.96 12.06
0.64 -43.85
-0.41 -39.94
-1.27 -174.29
1.27 70.57
-0.66 -87.49
0.27 -53.57
-0.64 -135.75
1.56 28.42
0.22 -50.15
0.47 -10.59
0.35 -43.5
1.23 10.89
0.49 -16.7
0.23 -36.76
-0.25 -60.55
-0.7 -128.47
0.0 -37.31
1.38 83.49
-2.33 -230.16
-0.12 -46.59
0.53 -11.93
0.39 -27.52
-0.91 -133.2
-0.07 -77.65
-2.1 -228.06
-0.79 -117.9
-0.09 -99.99
-1.79 -193.97
2.14 87.26
-1.37 -173.11
-0.58 -125.23
1.08 32.4
1.2 -8.53
-0.38 -76.91
1.07 1.72
0.38 3.3
0.06 -51.08
1.51 50.1
-0.31 -96.63
0.62 -27.07
0.11 -30.37
0.02 -46.76
-1.21 -118.32
1.09 59.24
0.12 -42.9
1.13 37.67
-1.05 -153.38
-0.84 -91.16
-0.19 -78.51
0.86 32.96
-0.37 -110.27
-0.2 -105.77
-0.21 -78.86
-0.45 -132.3
-0.83 -134.19
-1.14 -175.17
-0.64 -147.71
0.97 26.28
0.07 -27.77
-0.14 -91.52
0.06 -37.61
-0.27 -43.31
0.58 -7.45
-0.2 -75.47
0.66 -11.89
2.31 117.73
-0.34 -74.08
1.01 10.68
0.78 5.2
0.56 -38.69
-0.11 -57.82
-0.19 -91.85
-1.03 -114.7
-0.4 -73.11
-1.89 -223.98
0.41 -17.55
-0.52 -102.43
-1.75 -208.19
-1.05 -86.09
1.63 64.01
-0.38 -83.15
1.81 47.04
-1.0 -130.65
0.09 -67.85
0.62 -15.12
1.75 43.72
0.47 -28.72
0.75 -10.24
-0.03 -97.39
1.48 44.69
-1.54 -188.27
-0.49 -86.86
-0.19 -114.28
1.54 75.01
-3.29 -310.47
1.07 33.52
-0.71 -160.07
0.47 -38.4
-0.32 -79.67
2.41 100.02
1.49 82.17
-2.34 -280.62
0.1 -76.61
2.53 123.97
-0.17 -65.66
-1.38 -184.25
0.5 -21.4
-0.3 -93.26
-0.98 -119.12
0.25 -52.85
-0.17 -86.76
-0.4 -86.21
0.11 -60.37
0.77 9.35
0.42 1.43
-0.06 -47.73
0.38 -63.57
-1.11 -140.74
-0.07 -32.82
-1.12 -168.72
0.57 -16.71
-0.61 -112.98
-0.73 -141.49
0.62 -3.52
-0.59 -108.71
0.9 -6.49
-0.71 -109.43
0.49 -52.53
0.86 16.26
1.89 95.73
-0.78 -102.72
-1.98 -194.06
0.97 2.5
-0.6 -92.5
0.83 -7.72
2.02 65.83
-0.63 -64.21
0.56 -17.97
-0.06 -62.13
0.67 -3.24
0.81 -22.35
-1.03 -125.23
-2.01 -222.72
-1.86 -231.43
0.47 -24.42
0.42 -31.05
1.15 54.95
0.05 -67.9
1.07 -8.56
0.02 -87.82
0.5 -50.02
0.68 -21.35
0.45 -12.63
-0.72 -105.16
0.86 14.85
0.49 -45.51
0.62 -5.87
-1.2 -140.88
-0.56 -83.51
0.07 -40.46
-0.52 -103.99
0.21 -54.4
0.4 -34.44
-0.59 -73.57
0.44 -29.65
-0.68 -61.46
0.12 -52.53
-2.49 -264.04
-1.42 -184.03
1.09 11.04
0.34 -22.71
0.09 -32.07
0.45 -48.88
0.68 -8.72
1.28 54.58
-0.94 -97.74
-0.36 -116.55
0.09 -46.7
-0.75 -119.44
2.83 144.27
-1.51 -207.64
1.4 22.77
0.43 -29.57
0.02 -45.72
1.17 29.98
-0.29 -71.0
-0.17 -97.18
0.47 -72.04
2.24 120.14
0.51 -31.65
-0.03 -72.94
-1.44 -170.86
1.02 26.36
0.49 -35.22
-1.07 -159.5
-0.36 -42.26
0.33 -26.94
0.94 -1.3
-1.03 -125.98
1.94 132.93
-0.81 -82.99
-2.57 -261.06
-0.59 -115.74
-1.14 -166.88
-0.37 -75.11
0.42 -32.09
0.04 -48.81
-0.87 -118.86
-0.66 -106.26
0.74 15.22
0.02 -31.58
0.59 -16.79
-1.06 -153.31
0.1 -47.72
-0.09 -42.82
-3.02 -335.78
-0.86 -111.62
-1.43 -212.08
0.02 -79.86
-0.77 -126.31
-0.88 -121.82
0.59 -22.1
-2.0 -225.66
0.43 -45.36
-0.07 -104.33
-1.64 -176.42
-0.16 -68.95
-0.03 -112.65
0.23 -61.84
0.35 -62.35
0.83 14.97
0.93 33.51
0.43 -18.95
0.16 -11.73
-1.3 -151.48
-0.38 -106.39
-0.92 -114.15
-1.47 -183.67
0.52 -47.94
0.43 -0.54
-1.49 -160.4
-0.13 -43.43
1.4 66.68
-1.05 -179.4
0.66 44.31
-0.97 -111.17
-0.82 -91.25
-0.32 -77.41
-0.29 -94.8
0.55 -37.05
1.88 85.25
-1.29 -138.66
-0.98 -138.69
-0.97 -135.64
0.33 -56.2
0.7 2.83
-1.28 -124.31
-1.6 -192.02
-1.33 -178.94
-1.01 -154.62
0.47 -27.37
1.14 47.96
-0.97 -97.64
0.25 10.32
-1.42 -154.29
-0.95 -191.04
-1.0 -148.2
0.04 -54.0
-0.37 -96.41
-0.1 -53.9
2.35 117.85
0.77 22.69
-0.13 -88.54
-1.86 -254.41
-0.35 -82.15
-1.55 -186.47
0.37 -35.9
0.28 -44.53
-1.02 -142.76
0.05 -43.2
-0.51 -96.69
-0.38 -81.33
-1.77 -209.57
0.57 -4.25
-0.38 -95.77
-0.19 -67.67
-1.6 -170.13
-0.08 -93.82
1.31 46.68
0.84 26.47
0.87 21.33
0.04 -59.92
1.56 47.17
0.76 0.98
-1.33 -171.93
1.49 20.95
0.14 -70.63
0.03 -45.09
-0.9 -113.09
0.08 -71.88
-0.34 -81.52
0.45 -20.45
0.16 -49.01
0.71 -13.8
1.88 87.29
0.43 0.82
0.06 -35.69
-0.8 -100.18
0.36 -18.09
-0.77 -148.06
-0.58 -114.92
-1.63 -187.06
1.59 76.93
1.16 35.99
0.35 -54.23
0.06 -112.4
0.23 -49.41
2.59 146.39
0.62 -21.43
-0.48 -127.21
-0.27 -89.22
-0.73 -97.52
-1.25 -162.82
0.55 -16.18
-1.18 -167.04
-0.44 -117.22
-0.56 -131.05
1.54 95.12
0.98 3.21
1.34 8.37
0.65 -39.15
0.03 -55.75
0.38 -66.99
1.2 7.19
-1.2 -171.2
1.02 33.45
0.42 -50.39
-0.36 -94.33
1.14 35.92
0.07 -78.05
-0.43 -122.33
2.29 96.95
-0.01 -69.1
0.7 -3.23
0.13 -87.73
-1.57 -168.24
1.43 26.53
0.03 -85.11
-1.56 -174.18
-1.39 -155.3
0.84 6.79
-1.77 -239.85
-0.06 -111.02
-0.67 -112.91
0.43 -48.68
-0.64 -97.8
1.17 26.66
-1.28 -169.05
1.0 11.42
-0.54 -93.89
0.54 -22.88
0.35 -67.02
-1.13 -162.56
-0.1 -62.58
1.38 50.61
-0.75 -146.09
-0.5 -104.64
-0.36 -92.59
1.32 11.07
-0.15 -119.3
1.31 36.74
-0.25 -99.97
0.98 7.93
0.97 24.68
0.73 -32.63
0.17 -59.23
-0.96 -143.22
-0.49 -114.82
0.9 44.73
1.9 68.63
0.95 18.0
-2.01 -182.01
1.16 45.26
1.47 39.61
0.51 2.97
0.98 22.72
-1.35 -160.4
0.43 -41.2
-0.1 -57.13
1.33 41.72
1.18 11.29
-0.47 -89.94
0.64 -18.64
-1.45 -165.95
-1.12 -166.13
-0.82 -129.01
-0.13 -59.65
0.01 -60.78
0.9 33.77
-1.76 -200.67
-0.85 -127.09
-0.68 -127.14
-0.2 -78.68
0.18 -7.96
-0.23 -86.04
-1.26 -219.73
-1.5 -176.43
-1.0 -93.57
-0.57 -97.66
-0.96 -154.26
0.99 38.86
-0.46 -78.8
