0.34 48.42
-1.09 -104.48
-0.93 -58.96
0.37 64.22
-0.18 -13.38
0.47 45.11
1.26 64.19
1.94 114.46
1.12 90.4
0.4 20.16
2.19 135.22
2.04 149.91
-0.94 -62.66
0.29 13.38
-1.61 -89.01
0.02 6.03
-0.66 -55.82
-0.48 -29.2
0.85 80.03
0.81 67.43
-0.28 -33.97
0.19 12.54
0.13 48.93
-0.89 -35.45
0.05 21.91
2.09 146.41
-0.85 -58.41
-0.39 -37.47
-0.48 -23.86
-1.08 -68.46
-0.89 -77.33
0.74 81.52
-0.92 -63.68
1.71 86.93
-0.01 -16.45
0.01 -47.04
-0.05 -22.64
1.5 108.76
-0.85 -102.72
-1.11 -68.73
0.53 40.99
-1.06 -30.92
1.17 113.66
0.14 -17.28
0.99 52.94
-0.47 -41.03
1.19 92.32
0.22 16.82
0.53 17.11
-0.36 -20.61
1.44 81.61
-0.72 -79.7
1.09 66.86
0.34 30.67
0.76 61.38
-0.83 -62.2
1.09 77.21
-0.52 -55.25
1.12 110.15
0.37 -2.18
-1.55 -127.67
0.16 -24.57
-0.63 -70.29
-0.12 -29.42
-0.79 -26.76
-0.76 -81.29
0.17 -6.67
-0.3 4.56
0.67 23.75
-0.71 -30.96
-0.56 -44.38
1.84 141.69
0.93 83.24
-0.39 21.77
0.17 8.28
0.35 32.02
0.92 80.28
-0.06 -26.04
0.36 39.57
-1.16 -85.76
-1.02 -67.53
-0.86 -105.15
1.54 129.99
-1.15 -50.03
-0.28 -31.32
1.13 83.74
1.3 92.6
0.54 24.04
-0.49 -22.14
0.04 -5.8
0.65 35.05
1.11 107.05
-0.46 -47.01
1.09 59.1
-0.8 -85.4
1.42 101.0
2.01 159.98
-1.29 -77.15
0.35 8.54
1.82 116.52
-1.72 -82.67
0.48 18.28
1.44 108.86
0.25 19.14
0.32 30.08
-1.5 -86.66
1.33 95.96
-0.51 -28.87
-0.67 -14.06
-1.85 -121.97
1.56 121.87
-0.3 -30.67
0.74 48.94
-0.37 -29.02
-2.07 -152.27
0.21 12.68
0.02 -5.75
-0.1 -3.67
1.06 33.45
-0.67 -16.22
0.79 65.24
1.41 64.07
0.3 13.77
1.47 115.01
-1.34 -103.81
0.76 40.92
-0.94 -52.03
-1.06 -62.59
-0.0 -5.69
1.4 83.35
-0.35 -8.66
-0.39 -53.93
0.35 3.8
0.12 -6.7
-0.15 -13.61
-0.69 -28.95
-1.76 -86.67
-0.78 -94.06
-1.6 -104.19
-0.07 -0.93
0.88 50.13
1.33 94.35
1.01 87.5
-0.27 -36.11
1.05 77.67
1.1 85.07
1.2 107.77
0.36 18.61
-0.11 -2.55
1.46 80.26
-0.31 14.04
-0.19 -37.74
-0.08 -26.03
2.06 155.78
-0.96 -51.87
0.43 4.05
0.09 26.14
1.34 53.95
1.23 83.35
0.11 21.38
-0.89 -56.32
-0.07 -25.89
-0.03 -13.51
-1.04 -89.28
0.24 29.29
-0.41 -46.9
0.27 19.64
-0.49 -32.88
0.94 69.5
0.61 0.7
-1.54 -129.3
0.47 2.29
0.91 61.09
-1.34 -94.34
1.21 51.63
0.49 -7.32
0.41 63.29
-0.88 -36.53
0.95 79.27
1.14 92.33
0.22 -2.77
-0.34 -21.2
-0.76 -58.38
1.36 68.84
0.75 38.71
0.21 40.08
-0.74 -41.22
1.31 92.71
-0.9 -60.81
-0.9 -84.37
-0.95 -51.19
-0.17 8.42
0.56 18.91
0.49 45.28
-0.99 -93.49
1.96 132.4
1.33 44.99
0.92 77.83
0.1 -15.28
-0.51 -26.45
-0.13 1.97
0.9 26.66
-2.07 -127.99
0.15 35.4
0.47 76.96
0.59 29.01
-0.24 -39.99
-0.72 -41.05
-0.23 -21.71
0.56 70.44
-0.83 -88.11
0.41 18.98
-0.82 -61.3
-0.84 -64.08
1.43 67.62
-0.33 -33.24
-0.26 -5.29
1.16 53.45
-0.19 -7.12
-0.26 -24.15
-1.55 -111.01
-0.65 -35.83
0.72 19.5
1.8 131.75
-1.05 -100.26
-0.4 16.11
-0.11 -12.75
1.92 151.1
1.41 68.7
-1.1 -63.54
-1.61 -99.67
-0.85 -89.06
-0.31 5.78
0.02 21.38
-0.69 -60.92
-0.45 -29.01
-1.18 -99.37
-0.65 -56.55
0.45 54.33
-0.53 -35.14
0.58 29.43
0.0 -21.36
0.01 18.58
0.65 25.02
1.17 76.16
-0.96 -40.37
0.57 69.65
1.25 41.36
-1.42 -96.59
-1.65 -122.08
0.29 11.54
0.14 -31.99
1.3 113.02
1.23 84.11
0.49 11.28
-0.44 -65.49
0.2 19.22
0.03 16.67
-1.07 -82.3
1.17 104.04
0.11 27.81
1.91 124.83
0.35 16.41
1.37 78.61
-0.27 -20.79
-0.18 -23.39
1.83 148.47
0.55 41.96
0.64 39.59
0.04 4.28
-0.12 10.29
-0.16 -13.05
1.02 70.87
-1.43 -72.1
0.94 113.06
0.59 52.15
0.27 13.88
1.63 88.12
-1.49 -106.75
-0.22 19.64
-0.33 -26.65
0.55 45.58
0.36 14.83
0.84 77.78
-0.2 17.48
1.91 131.76
-0.34 -36.09
0.13 -9.66
0.84 42.2
-0.31 -14.49
1.61 86.23
-0.93 -64.0
-0.77 -47.72
-0.75 -17.32
-1.23 -91.29
-0.98 -80.7
0.8 39.94
-0.22 -3.31
-0.42 -65.49
0.88 74.44
1.24 88.87
-0.71 -22.02
-0.86 -81.63
-1.62 -141.71
-0.26 -23.2
0.44 15.01
-1.28 -86.6
0.32 16.69
-0.98 -67.18
-0.88 -41.56
0.25 0.41
-0.11 24.27
-0.41 -6.85
0.44 38.69
-0.23 4.96
-0.11 5.33
-0.13 5.46
-1.54 -143.67
-0.43 -9.37
0.53 53.57
1.06 49.45
1.52 89.27
0.83 76.46
-0.95 -59.33
0.75 31.45
0.86 43.61
-0.31 -16.06
-1.36 -95.95
-1.03 -63.74
0.44 -20.85
1.54 130.36
-0.24 -28.79
-0.33 -0.71
-0.1 -12.18
-0.15 -14.61
1.44 79.92
-1.04 -92.12
0.93 85.14
0.39 18.38
0.99 43.78
-0.71 -1.95
0.86 51.1
-1.44 -111.1
1.13 105.37
-0.53 -37.57
-0.9 -59.09
-0.12 -17.7
0.02 -21.22
-1.51 -89.36
-0.01 15.56
-1.03 -32.93
0.89 44.12
0.13 10.42
-1.51 -125.81
0.35 29.56
1.12 71.61
1.45 101.96
-1.63 -126.33
-0.47 -22.61
-1.46 -105.69
-0.38 -50.42
-1.82 -121.95
-1.94 -132.6
0.12 6.8
-0.51 -32.42
-1.09 -83.45
0.44 31.77
1.86 151.75
0.34 18.72
-0.37 -50.98
1.0 35.1
-3.19 -206.23
0.32 37.67
-0.41 -22.14
0.53 5.1
-0.59 -98.77
-0.63 -41.23
-0.36 -45.74
-1.46 -86.59
-0.11 -24.02
1.05 54.86
0.45 14.92
-0.66 -38.28
0.14 12.72
-1.15 -94.49
-0.23 -10.7
-0.77 -32.26
-0.49 7.81
-0.04 -15.15
0.65 83.32
0.08 36.79
-0.92 -31.13
0.83 28.73
-1.9 -117.09
-1.79 -140.68
0.16 15.75
-0.6 -75.88
-1.15 -79.81
1.57 108.33
0.43 13.0
0.92 72.32
0.64 54.47
0.09 -3.22
-0.54 -12.93
1.39 103.52
-0.04 -1.56
0.27 17.63
0.44 46.47
0.42 21.03
-1.91 -140.72
-1.96 -114.12
0.41 25.74
1.18 64.36
-1.58 -120.14
-0.18 -40.47
0.63 62.28
-0.95 -48.16
0.9 68.27
-0.81 -48.66
0.1 5.71
1.65 83.49
0.36 18.82
-0.84 -67.68
-0.25 -26.26
1.15 103.43
-0.98 -58.96
1.54 138.09
-1.33 -116.21
-1.57 -135.6
-1.42 -93.34
1.0 67.77
-1.14 -97.81
-0.09 -31.62
-2.51 -167.93
-1.05 -63.23
0.12 16.98
1.0 102.58
0.65 42.84
0.2 5.75
0.75 73.33
0.5 30.17
0.15 11.55
0.24 -9.25
-1.48 -91.89
-1.09 -67.86
-1.02 -46.59
0.5 74.53
0.68 39.0
0.59 11.51
1.35 70.37
0.59 17.07
0.46 29.09
-1.63 -115.73
-2.52 -161.4
-0.01 -8.5
-2.34 -178.53
1.28 81.83
0.69 34.45
0.79 86.62
-0.23 -51.47
1.3 114.14
1.2 55.7
2.12 184.24
-0.11 -2.79
-0.13 13.08
-1.02 -101.3
0.33 -11.67
-0.56 2.51
-0.39 -17.6
1.1 83.21
-0.71 -52.86
-1.61 -116.44
1.29 69.56
-0.27 -39.16
-0.09 -37.48
-1.08 -38.89
-0.12 -31.98
0.09 8.44
0.02 17.02
-0.0 -8.97
0.5 10.04
1.48 69.26
-0.84 -73.95
0.93 66.55
-0.23 -1.96
-0.73 -14.18
-2.7 -172.38
-0.15 5.43
1.97 146.19
1.15 94.68
-1.07 -71.89
-0.5 -46.67
-1.44 -91.21
-0.35 -42.73
-1.95 -98.13
1.45 92.39
1.85 95.26
-1.37 -76.85
-0.01 6.77
-1.05 -41.81
