-0.97 0.55
0.54 0.88
-0.23 0.92
0.71 0.73
0.95 0.49
0.83 0.61
0.94 -0.01
0.66 0.77
0.65 0.76
0.98 0.42
-0.97 0.0
-1.02 0.35
-0.65 0.59
0.89 0.39
1.03 -0.03
0.8 0.69
0.9 0.12
0.53 0.76
-0.36 0.97
-0.82 0.62
0.45 0.83
0.95 0.36
-0.98 0.47
0.14 0.96
-0.78 0.74
0.96 0.13
0.73 0.75
-0.76 0.62
-0.66 0.68
-0.4 0.92
-0.43 0.87
0.98 0.03
0.94 0.47
0.05 1.01
0.46 0.89
-0.7 0.61
0.94 0.25
-0.99 0.34
-0.99 0.28
1.01 0.37
0.92 0.38
-0.12 1.08
-0.91 0.35
-0.25 1.02
-0.98 0.1
0.59 0.88
0.88 0.56
0.7 0.73
-0.35 1.02
-0.15 0.88
1.03 0.26
-0.93 0.15
0.9 0.42
-0.33 0.95
-0.24 0.96
0.25 1.0
-0.39 0.86
0.22 0.96
-0.97 0.04
1.04 0.17
-0.65 0.76
-0.96 0.15
-0.93 0.24
-0.94 -0.03
-0.98 0.43
-0.84 0.65
-0.04 0.96
-0.12 1.07
-0.43 0.83
-0.96 0.27
-0.57 0.82
0.05 0.92
-0.6 0.75
-0.53 0.82
-0.82 0.5
-0.24 0.94
0.49 0.83
0.32 1.06
-0.03 0.99
0.12 1.01
0.99 0.1
-0.58 0.81
0.28 0.98
0.42 0.87
0.77 0.57
0.59 0.78
-0.29 0.86
0.03 0.98
-0.95 0.41
-1.0 0.25
0.03 0.99
0.46 0.78
1.01 0.17
-0.77 0.68
-0.96 0.52
0.22 1.01
0.83 0.61
-0.78 0.76
0.93 0.43
0.33 0.99
