-0.49 114.51
0.58 -17.18
0.37 94.6
0.5 61.75
1.39 54.62
-1.61 105.91
-0.33 98.88
0.1 -23.55
0.54 -9.04
-2.16 122.95
-0.57 96.35
-0.29 129.79
1.38 -0.08
-0.81 112.99
-0.5 73.58
-0.24 136.27
0.22 11.34
-0.55 91.39
-1.29 152.29
-1.38 174.62
-0.38 79.91
-0.08 32.73
0.96 73.41
0.8 37.04
-0.38 83.96
1.14 -11.02
0.93 37.36
1.22 83.9
-1.09 158.77
-0.21 126.19
-0.44 19.4
-0.64 101.55
0.16 7.95
0.85 3.08
-0.31 133.93
0.85 96.68
0.9 20.68
-0.89 116.16
0.2 50.0
0.51 74.81
0.08 114.46
-0.86 124.66
-0.1 128.62
0.22 54.24
0.19 82.05
2.11 -90.41
0.19 19.83
-2.61 235.04
1.14 0.34
2.0 -65.49
0.3 80.92
-0.18 144.95
-0.71 92.07
-2.17 186.04
1.09 54.23
1.06 19.89
-0.36 127.05
0.65 34.85
2.1 22.59
2.21 -95.13
-0.83 80.55
-0.97 107.23
-0.28 62.6
0.93 90.42
0.81 67.09
1.83 11.85
0.06 84.99
0.72 103.21
0.09 66.24
-1.14 87.4
-1.04 92.35
1.93 -47.65
-0.36 -4.75
-2.1 121.74
-0.83 92.8
1.5 -45.3
0.17 12.85
0.91 25.13
0.81 45.57
-0.18 14.96
1.72 -18.96
0.56 25.27
-0.21 81.66
-0.88 87.09
0.28 32.67
0.86 20.85
0.08 52.1
-2.17 193.16
-0.12 42.22
0.21 58.63
-0.05 32.09
1.02 24.53
-0.42 166.98
0.46 3.34
-0.85 110.56
-0.66 150.45
1.98 -52.95
1.0 13.46
-1.0 105.37
-0.13 36.97
-1.07 129.77
1.14 1.55
-2.18 227.97
0.94 33.31
-0.15 -13.94
1.29 40.45
-0.93 112.81
-0.65 66.84
0.77 46.39
-0.74 125.13
1.17 -34.21
-1.12 31.79
0.06 47.25
0.15 28.96
0.47 40.53
-2.0 190.15
-0.81 84.5
-0.18 83.87
-0.69 80.83
1.54 63.03
-0.4 105.34
0.07 103.23
-0.57 115.32
-0.92 51.41
0.8 35.85
1.31 4.83
0.13 32.15
0.08 67.12
0.36 -0.15
0.62 57.4
0.66 50.35
1.65 -29.79
0.82 58.87
1.47 68.12
-0.41 67.24
1.19 8.17
-0.7 114.12
-0.69 64.03
-1.65 126.53
-0.03 132.62
-0.56 77.93
1.41 -30.36
-0.55 96.6
-1.38 150.91
1.64 -15.11
0.46 38.03
0.23 -3.1
-1.12 136.85
-3.53 216.75
0.16 25.42
-0.19 79.87
0.34 13.8
1.81 14.91
1.72 -53.15
0.6 77.4
-1.1 138.04
1.04 17.81
-2.31 185.39
1.33 -79.4
0.82 -47.41
-0.24 13.16
-0.92 134.92
0.53 22.46
-0.1 17.96
-0.89 138.66
-2.51 198.12
-0.18 9.48
-0.03 42.65
1.38 -43.15
0.22 87.67
-1.47 122.36
-1.16 67.1
-0.1 64.17
-0.44 123.44
0.07 27.04
-0.93 67.93
0.36 54.65
-1.53 134.92
-0.49 103.04
-1.03 129.34
0.87 23.87
-1.3 95.11
-1.2 182.47
0.46 70.81
-1.19 124.1
-0.52 76.68
2.03 13.96
0.43 62.02
-0.53 96.26
-0.48 77.14
0.97 -34.46
0.93 40.84
0.29 100.77
1.02 -2.64
-1.03 108.49
-0.22 69.79
-0.07 80.91
-2.63 161.67
1.91 -52.05
0.2 -25.65
-1.02 72.71
0.33 49.77
-0.62 87.22
1.39 90.78
-0.44 97.39
-0.83 78.35
0.77 44.63
0.7 35.15
0.47 26.3
-0.42 126.02
0.17 73.33
-1.33 126.96
0.78 48.8
2.52 -70.71
2.28 -41.96
0.48 56.6
0.82 -9.29
3.26 -31.64
-0.12 78.91
2.87 -79.62
0.53 15.56
1.26 -8.86
-0.46 72.52
0.14 78.31
0.08 76.51
-2.21 156.56
-0.44 98.22
-0.77 123.69
0.98 21.41
0.33 51.37
0.06 47.04
0.28 51.72
-1.06 111.49
1.05 51.39
2.02 -46.35
-0.2 35.93
-0.47 102.78
1.36 -15.79
0.28 36.17
-1.18 147.78
-0.23 75.56
-0.49 71.04
0.18 80.62
0.97 -26.33
-0.14 103.43
-0.35 52.05
-0.23 109.67
0.79 -14.94
0.47 50.79
0.91 -6.5
-0.68 115.57
-0.47 64.74
1.12 25.72
0.67 88.9
-0.2 66.42
1.03 -0.72
-1.97 92.39
-1.85 162.8
-0.32 72.94
-1.12 9.66
-0.78 80.2
-0.55 137.86
1.89 27.46
0.61 59.76
-1.25 97.88
0.65 78.94
-0.41 148.65
-0.23 40.37
0.34 80.16
1.39 -32.36
-0.17 11.75
0.22 20.38
1.94 -95.05
-0.15 64.92
-0.36 81.68
0.77 -57.65
0.28 50.57
1.16 44.47
-0.23 48.02
0.81 -8.82
0.43 73.78
0.87 13.42
-1.21 146.66
0.02 127.67
-0.44 67.63
-0.41 54.21
0.92 65.56
1.76 -64.66
0.31 9.57
-0.85 55.62
0.07 71.32
0.56 61.15
0.61 -49.73
-0.93 36.45
1.66 -64.63
1.05 34.77
-0.67 82.37
1.91 19.81
-0.63 80.77
-2.05 239.07
0.35 14.65
-0.34 108.27
-0.13 46.61
0.74 6.73
-0.22 118.25
-2.57 150.34
-0.76 71.51
0.35 77.24
-0.31 61.81
0.57 56.17
1.62 40.06
0.55 5.55
-0.55 80.52
-0.11 117.56
-0.37 14.58
-1.03 104.31
-0.01 47.45
-0.28 38.75
-0.52 137.8
-0.17 136.45
0.56 27.31
-1.69 141.39
0.09 46.92
-1.31 193.41
-0.08 77.82
1.29 28.55
-0.06 68.92
-2.34 117.22
-0.16 9.42
-1.36 80.92
-0.18 85.85
-1.95 151.07
-1.59 205.5
-0.6 64.25
-0.01 103.24
-0.38 44.16
-0.38 109.32
0.23 52.02
1.25 25.1
0.02 -3.8
0.19 52.41
0.8 -39.09
0.24 28.01
-1.23 90.54
-1.27 136.55
0.54 -2.42
0.08 63.28
0.38 51.39
-1.21 139.26
-0.82 96.57
0.13 51.12
-0.58 101.96
0.74 21.89
-2.54 162.2
-0.38 18.63
0.38 -4.61
0.55 58.39
0.11 26.37
0.03 71.11
1.95 12.54
-0.63 78.49
0.06 90.52
-0.41 61.56
-0.36 45.11
0.4 24.49
-1.43 112.37
0.12 39.88
0.77 77.73
-1.6 17.05
-0.26 106.4
0.8 12.56
0.93 5.83
0.7 68.31
-1.19 145.35
-0.99 185.89
-1.05 126.68
0.29 16.89
0.45 95.17
1.64 -31.63
-0.95 110.97
0.2 59.48
-1.0 87.46
0.16 -5.16
1.28 -78.55
0.07 65.78
-0.16 61.24
1.36 39.28
1.2 -39.39
0.43 36.27
0.97 -16.28
-0.87 143.95
-1.12 61.35
-0.64 94.41
0.95 38.81
-0.25 83.59
-0.72 107.92
0.57 24.22
-1.24 130.91
0.78 -17.91
-0.6 97.79
-2.54 153.37
0.55 71.1
0.04 24.54
-0.19 61.62
-0.77 61.66
-0.05 29.22
0.58 7.61
-1.1 44.54
0.42 -6.25
0.3 -6.75
-1.49 111.63
-1.64 158.32
-0.42 75.25
1.78 39.76
0.77 -15.28
0.53 58.04
0.04 125.02
0.43 58.87
-0.86 138.07
-0.88 97.52
-0.41 101.46
-0.16 58.59
0.95 63.97
1.29 7.16
-1.34 94.15
-0.34 112.99
-0.22 81.49
-0.59 67.14
-0.32 59.83
0.31 58.05
0.24 92.13
-0.26 137.0
-0.45 57.91
-1.31 91.46
1.27 78.18
-1.34 107.28
0.78 11.51
0.3 65.62
-0.83 101.71
1.16 -25.02
0.39 36.56
-1.86 78.42
0.69 -5.56
0.6 15.04
0.24 50.39
-0.5 145.23
-0.76 49.23
0.74 39.22
-0.16 47.25
-0.32 108.91
-0.67 101.25
1.49 35.07
0.94 11.98
-1.13 92.51
0.34 11.78
-1.12 107.96
-1.45 64.94
-0.16 78.01
-1.99 164.67
0.15 35.96
-2.08 181.11
1.17 -7.68
-0.31 110.22
-1.36 129.57
0.62 81.01
-0.59 107.87
-0.59 111.78
0.15 -17.77
-0.11 53.2
1.2 -32.87
0.39 -53.79
-0.58 75.07
-0.15 90.27
-0.29 64.84
-0.01 68.25
-0.91 151.11
0.46 -8.67
1.79 -37.29
-0.82 155.52
-0.45 46.22
-0.13 -2.14
-0.4 24.2
-1.27 197.62
-2.54 156.48
1.57 7.15
0.92 39.0
-0.8 60.01
-1.2 77.99
-0.6 122.99
1.37 -19.86
1.03 37.3
1.72 9.07
-1.64 64.47
0.49 37.19
1.45 14.19
-0.87 162.01
-1.93 168.58
0.09 58.49
-0.87 73.08
-0.4 186.9
