1.73 69.07
-0.22 24.61
0.37 33.9
-0.52 -23.47
-0.68 -6.15
-2.05 -129.02
-1.59 -42.5
-0.33 -10.53
-1.26 -67.35
-0.31 -31.77
-0.16 -9.46
0.36 13.04
-1.44 -74.29
0.47 26.37
0.19 2.69
0.77 44.91
-0.75 -22.96
-1.36 -34.33
-0.59 -34.51
-3.46 -117.7
-0.59 -20.63
0.89 42.76
0.02 -32.22
-2.07 -62.09
0.73 16.71
-0.48 -3.6
-1.19 -75.69
-1.1 -48.6
-2.36 -63.11
0.05 9.51
1.02 49.65
0.6 34.54
0.31 -23.05
-0.97 -45.67
-0.64 -10.13
1.54 30.97
-2.21 -100.08
-1.05 -37.93
-0.4 -21.41
0.43 -13.52
0.65 2.37
1.66 82.45
-0.19 -36.87
1.04 47.7
0.04 -15.82
0.92 3.07
0.52 34.01
0.19 -7.28
-1.15 -56.38
-0.37 4.97
0.51 25.7
0.25 26.49
0.19 20.44
0.02 -24.74
0.32 26.81
-0.36 -39.24
-0.91 -17.72
-1.3 -53.62
-1.01 -57.13
-2.08 -63.12
-1.06 -0.51
1.11 86.5
-1.12 -44.08
1.04 33.43
-0.23 1.19
1.02 66.01
0.54 -11.5
-0.29 -32.51
-0.67 -53.02
-0.28 -27.92
-1.12 -17.38
0.45 40.82
-1.05 -42.89
-0.98 -53.06
-0.27 -14.8
0.12 -2.13
0.68 32.54
-0.06 -21.8
-0.9 -45.1
0.6 -0.09
1.13 40.27
0.83 16.79
-0.09 -23.08
-0.05 -31.84
0.38 24.67
-0.64 10.83
-0.38 -19.67
0.3 34.11
-0.91 -30.3
0.22 17.15
1.11 20.19
1.59 74.88
-0.34 -52.94
0.45 15.04
0.52 26.77
0.65 22.01
-1.19 -15.36
-0.31 -18.98
-0.16 -13.16
0.87 45.92
-0.34 -6.01
-0.53 -6.85
0.07 -4.25
-1.91 -30.41
-1.23 -54.42
-1.63 -25.1
1.18 64.33
0.03 2.25
-0.73 -26.34
0.22 -6.16
1.55 61.76
-0.14 -38.07
0.34 13.8
-1.14 -23.41
1.56 66.66
0.21 -13.34
-2.51 -142.36
-0.38 7.34
0.12 -15.0
-0.96 -40.89
-0.49 -34.69
1.31 39.07
0.29 22.71
-0.25 -1.54
-0.07 -3.42
-0.99 -25.1
1.4 39.98
0.52 47.23
1.12 49.26
-0.09 42.22
1.11 26.83
-0.14 -6.41
-0.44 -45.78
1.07 38.98
-0.19 -14.74
1.18 46.02
0.27 8.44
1.35 9.03
0.54 18.89
-1.69 -59.49
0.34 10.79
-1.8 -80.17
-1.55 -25.8
0.51 -7.35
1.3 45.7
-1.64 -17.81
-1.61 -55.87
0.59 28.54
1.3 38.25
1.49 37.84
-0.19 -2.14
-0.13 2.68
-1.7 -52.01
-1.2 -36.45
0.17 11.01
1.93 41.14
0.56 28.59
-1.38 -61.24
-2.43 -113.64
-1.08 -43.97
1.6 59.96
0.51 26.06
0.65 36.43
-1.58 -48.3
-0.71 -36.13
0.58 34.72
0.7 6.03
-0.32 -44.15
-0.43 -8.36
-0.07 21.37
1.16 25.39
0.04 20.15
-0.03 10.86
-0.33 -19.98
-0.96 -66.09
1.55 41.32
1.16 71.13
-0.17 2.94
-0.85 -25.39
-1.37 -48.92
2.16 80.82
-0.57 -17.86
0.46 37.99
0.73 4.89
0.16 -22.21
0.73 9.2
-0.25 -23.29
-0.65 -22.8
0.15 15.57
-1.14 -47.4
0.32 1.58
1.7 52.46
-0.17 -4.96
1.27 61.73
-0.39 -8.35
1.6 81.81
0.94 44.53
0.48 55.8
0.6 36.74
-0.1 -35.48
0.84 46.46
0.32 -42.64
-0.87 -56.86
-0.71 -27.43
-0.18 14.46
0.74 42.77
1.57 67.35
1.53 55.7
0.37 21.69
1.83 99.15
-1.67 -66.77
1.38 79.04
0.12 14.96
-0.33 -15.31
0.82 26.56
0.92 18.81
-0.42 -11.83
-1.79 -20.86
-0.88 -32.61
1.09 1.63
1.03 18.85
-1.53 -41.68
0.07 -3.38
-0.05 -6.89
-0.74 -21.88
0.25 7.18
-1.37 -9.73
-1.0 -30.29
0.25 17.18
1.52 58.97
-0.94 -26.83
-0.01 24.06
0.88 43.25
-0.2 -27.28
-0.38 -2.46
0.06 28.31
-0.8 -12.3
0.09 -20.99
0.86 42.31
0.03 -4.06
-0.32 -13.43
0.07 -2.95
1.86 57.32
-1.36 -20.58
0.59 -16.2
0.22 6.0
0.42 -4.51
-0.24 -40.9
1.45 71.69
-1.66 -41.29
-0.06 -43.5
0.77 34.22
-1.85 -54.13
0.56 -13.14
-0.05 16.55
-0.49 -2.68
-1.17 -95.87
0.13 -9.41
1.57 33.75
1.49 55.93
-1.97 -66.49
-1.35 -18.07
-0.68 -29.5
-1.16 -11.51
-0.41 -30.28
-0.65 -17.21
1.12 21.66
-0.17 -46.97
0.36 19.9
-0.39 -10.04
-1.12 -79.6
1.16 49.67
1.42 55.25
1.61 45.22
0.51 -7.77
-0.43 -44.7
0.12 41.41
-0.17 -7.16
-0.68 -17.98
0.35 -0.68
-1.16 -62.84
-1.54 -53.24
0.8 22.89
1.63 76.63
0.53 23.7
0.06 33.69
-2.65 -92.84
0.35 14.12
-2.05 -77.28
0.12 52.09
-0.27 -43.57
0.17 20.02
-1.55 -35.81
-0.52 -23.4
-1.83 -55.85
0.29 -2.63
0.15 8.3
0.7 54.0
-0.0 -4.09
0.07 -12.66
-0.41 -45.99
1.75 42.34
-0.83 -44.78
-0.69 -36.49
-1.82 -56.26
0.75 18.09
-0.03 10.79
-0.64 -16.94
0.42 3.25
0.01 -1.14
-0.3 -45.83
-0.48 -9.1
1.54 79.69
-0.66 -66.38
-0.23 -22.41
-0.22 -12.57
1.53 23.76
-0.98 -11.55
-0.01 21.88
-1.06 -35.55
-0.21 -35.95
0.23 31.07
-0.89 -54.2
-1.39 -67.56
-0.68 -35.74
0.55 8.11
0.06 12.52
0.01 21.67
-0.03 -22.27
-0.5 -5.84
-0.06 -13.18
-0.89 -28.7
-0.24 -22.45
-0.41 -0.08
0.06 -11.93
1.17 75.84
1.64 83.97
1.23 71.52
-1.31 -58.45
1.63 65.72
-1.15 -35.0
-0.26 -0.91
-0.48 -0.03
-0.51 -34.2
0.4 -4.19
-0.48 -29.38
-0.68 -19.24
1.29 70.77
0.65 16.49
1.63 67.81
1.26 53.65
-1.07 -52.14
-1.43 -72.81
-0.15 16.28
0.64 48.92
-0.13 4.06
-0.38 1.33
-0.24 -23.87
-1.68 -51.03
-1.33 -25.72
-1.0 -58.99
0.69 21.71
0.26 -1.7
0.94 44.44
0.73 25.41
2.09 127.09
-0.46 -22.42
-1.9 -66.85
1.65 45.67
0.03 23.62
0.74 -20.92
-0.13 8.85
1.48 50.01
-1.38 -64.38
-1.13 -52.23
0.05 9.36
0.52 33.16
-0.91 -47.97
0.34 28.99
-0.7 -16.04
1.78 57.95
0.6 35.74
0.66 21.35
0.19 38.12
0.69 46.77
-1.88 -70.69
-0.19 -12.62
0.28 2.4
0.66 11.56
-1.1 -41.4
0.34 23.74
1.61 4.01
-0.37 -12.39
-1.55 -57.82
-0.04 10.16
-1.99 -61.43
0.09 -22.19
0.87 7.6
1.1 14.33
0.6 12.4
1.31 54.1
-0.54 -18.54
0.14 20.54
0.35 -1.83
-1.37 -41.11
-0.5 -16.43
2.2 82.99
-0.79 -25.46
0.14 -6.23
0.18 34.64
0.44 12.6
0.41 8.72
0.46 1.91
0.93 12.01
0.69 31.71
-0.53 1.85
-1.39 -46.53
-0.99 -29.45
0.41 21.65
1.21 69.4
1.85 87.52
0.31 -2.63
-1.3 -68.25
-0.92 -39.33
-0.11 2.92
1.32 49.62
1.8 56.78
1.18 31.25
1.03 19.44
0.28 -5.65
-0.86 1.91
-1.33 -16.28
0.22 7.08
-0.26 13.05
1.29 54.49
-1.13 12.82
-1.5 -64.47
-0.85 -19.5
-0.71 -30.86
-0.49 6.11
0.08 6.73
0.18 -10.19
0.76 51.93
0.06 -12.13
0.53 -0.21
1.59 63.39
0.87 29.19
1.09 40.61
0.69 3.8
-0.23 5.42
2.42 69.19
-0.47 -19.87
0.3 33.44
0.57 35.99
-0.04 -2.64
-0.48 -1.8
0.86 22.95
-0.29 -18.07
-0.19 -6.8
0.63 19.33
-0.8 -42.83
-0.84 -10.59
-0.19 -11.27
1.02 47.67
0.18 15.29
-0.95 -17.65
-0.8 -43.63
-0.78 -44.42
-0.87 -46.84
-0.09 -10.42
1.36 46.08
-0.23 -16.6
1.32 65.42
0.5 3.83
-1.58 -39.81
-0.03 -14.19
-0.13 -19.27
0.43 40.54
-0.6 23.44
0.39 -7.96
-0.31 -24.07
-1.47 -58.6
-2.65 -106.45
0.83 41.09
-0.45 -37.83
-0.19 -29.79
-0.49 -4.29
0.25 37.73
-0.84 1.24
-0.73 -42.69
-0.34 15.25
1.31 68.2
1.79 57.48
1.27 37.49
-0.79 -23.7
-0.79 -52.13
-0.26 -11.06
-0.07 -36.39
0.59 65.76
0.61 7.92
