0.32 38.58
-0.6 -46.49
1.98 218.92
-2.14 -251.66
0.94 93.9
0.64 35.96
-0.78 -64.37
-0.26 -19.69
-0.99 -113.33
0.02 10.43
0.63 51.86
-0.06 -21.98
-1.57 -168.28
-0.8 -62.81
0.45 4.27
0.13 19.25
0.5 59.09
-1.15 -106.37
-0.03 34.6
0.52 32.96
0.36 26.89
-0.71 -96.18
-0.25 -18.43
-0.57 -72.72
1.63 167.87
0.67 37.05
2.5 247.4
2.13 222.04
-1.61 -159.03
1.76 176.21
-0.59 -57.28
-0.28 -4.3
-0.63 -69.39
-0.84 -68.81
-0.44 -6.93
0.98 99.75
-0.47 -34.17
-0.44 -47.08
0.37 28.63
-0.39 -46.15
-0.03 -7.72
-0.44 -70.31
-1.96 -204.72
0.3 34.79
0.57 53.87
0.2 24.94
-2.59 -246.39
0.68 56.65
-1.65 -134.44
0.58 53.25
-0.26 -28.57
-0.76 -82.08
-0.51 -27.14
-0.52 -59.59
-1.49 -164.61
-0.96 -84.64
0.43 15.88
-1.76 -138.82
0.12 42.28
-0.37 -30.69
-0.1 -2.35
-0.77 -58.37
0.37 18.23
-0.53 -60.45
-1.67 -162.31
-2.0 -251.96
-0.53 -57.73
-2.17 -183.18
-0.73 -49.44
-0.14 -21.73
0.16 4.86
0.47 63.1
-0.85 -82.1
-0.93 -104.08
0.29 45.08
-1.17 -137.26
0.35 82.43
-0.76 -84.28
0.72 40.0
0.47 50.99
-0.83 -82.6
-0.18 -3.28
0.42 18.44
0.51 29.79
0.7 42.43
-0.57 -56.37
0.66 90.63
0.79 68.27
-2.87 -307.33
-1.94 -222.24
-0.38 -47.96
-0.5 -42.45
-0.72 -80.44
1.07 64.72
0.54 48.14
0.19 52.57
-0.23 -15.98
0.25 32.86
2.53 279.73
0.69 38.66
-1.56 -147.56
-0.1 -4.08
1.13 67.52
-0.21 -14.19
-0.45 -26.39
0.26 22.73
-0.22 -6.73
0.59 69.35
-1.38 -140.66
0.01 -31.89
0.33 28.53
-1.36 -145.69
0.8 50.07
0.79 99.87
-1.3 -138.3
-0.03 45.68
-1.19 -148.89
0.68 80.27
1.42 161.59
0.81 74.55
1.03 107.59
0.32 27.47
0.67 86.45
-0.72 -61.66
-0.39 -16.52
0.33 78.42
1.21 108.2
-0.88 -57.81
-0.32 -40.38
-0.42 -10.23
-0.78 -63.26
0.33 29.32
0.84 94.7
-0.49 -40.54
0.52 37.04
0.87 75.92
0.01 26.19
-1.15 -92.6
1.62 144.23
-0.66 -74.32
0.51 79.54
0.97 127.87
-0.35 -28.34
-1.01 -69.61
0.16 37.35
1.64 135.34
-0.53 -68.22
0.2 6.67
-0.75 -81.98
0.01 -11.86
-0.44 -41.18
-0.05 -10.3
0.07 -22.56
-0.1 9.28
-0.82 -87.52
-0.34 -68.73
-0.2 -34.18
0.59 16.11
-0.28 -72.56
0.33 54.51
-1.94 -205.38
-1.28 -120.0
-0.26 -31.51
-2.22 -208.79
0.52 31.84
0.83 93.85
1.04 49.22
-0.15 -5.04
-0.61 -65.21
-0.2 -13.52
0.6 76.21
0.21 29.53
-0.84 -94.5
-0.0 -2.47
0.13 12.84
1.45 120.06
-1.57 -158.48
-0.29 -14.55
-1.78 -143.12
-0.61 -69.57
2.03 192.9
-0.18 -27.15
0.55 67.92
1.72 197.87
0.68 97.23
0.87 124.95
0.09 23.42
0.59 57.94
-1.6 -152.87
1.37 136.05
1.43 164.94
1.49 160.14
1.1 111.25
-1.16 -116.33
-0.43 -22.11
-0.53 -94.08
1.23 118.67
0.67 79.14
-0.54 -6.9
-1.47 -153.89
-0.97 -130.44
-0.6 -70.51
-0.72 -114.11
0.48 46.13
0.36 31.26
-1.22 -123.15
0.75 82.8
0.53 47.08
0.32 43.32
-1.59 -145.47
1.29 125.21
1.03 100.4
-0.19 3.29
-0.62 -81.38
-0.67 -95.71
1.36 137.26
1.08 120.41
-0.47 -71.31
0.5 29.41
0.22 36.5
-0.07 -25.98
-0.61 -67.03
1.38 164.25
-1.97 -176.19
0.94 116.58
-1.74 -177.69
-0.38 -3.27
0.26 76.01
-0.45 -79.78
-1.26 -127.39
0.63 27.87
-0.87 -97.29
-0.0 -20.57
-1.12 -73.06
2.03 217.44
-2.06 -173.05
-0.19 -11.26
-1.08 -109.17
-1.09 -97.3
-0.65 -95.76
1.05 110.59
2.19 210.41
1.06 94.47
1.68 189.76
1.91 198.05
-0.57 -59.62
-0.1 -36.94
1.04 86.39
-1.24 -113.1
0.39 54.41
-0.76 -70.88
-0.66 -79.56
-1.05 -119.0
1.47 102.87
-1.33 -115.46
-0.01 -33.01
-0.59 -78.08
-1.23 -119.64
1.17 127.66
-0.26 -15.15
-0.95 -115.43
-1.37 -155.57
-0.85 -76.76
0.1 2.51
0.79 95.48
0.76 140.7
0.92 94.25
-1.8 -170.86
1.0 79.88
0.64 58.34
-0.16 25.1
0.03 15.72
0.51 94.34
0.77 57.38
0.19 45.33
1.11 89.05
1.16 109.24
1.39 137.02
-0.25 -22.93
1.46 137.98
-0.65 -41.51
0.13 10.34
0.74 69.95
-0.27 -26.48
-0.17 -11.93
-1.17 -128.98
-1.47 -152.65
0.26 27.34
0.35 35.6
-1.01 -89.75
0.59 15.59
0.11 60.81
0.46 19.61
0.05 -0.52
0.27 47.56
1.36 152.06
0.34 29.56
-0.7 -70.0
-0.05 -10.44
0.09 2.97
-0.42 -68.09
0.36 29.44
-0.44 -56.87
0.35 17.95
0.75 84.85
-1.54 -143.67
-1.02 -111.95
-1.27 -147.19
1.7 167.55
1.79 180.25
-0.18 -9.2
-1.3 -125.93
0.03 58.5
-0.36 -45.67
0.75 57.8
0.72 72.09
-1.48 -199.48
-0.06 -2.27
0.24 -1.04
1.33 157.69
0.75 44.33
-0.1 2.11
-0.56 -19.28
0.55 52.38
0.78 71.83
0.38 75.96
3.48 344.83
-0.06 -2.96
0.53 50.23
0.12 -19.6
-0.23 -55.03
-0.83 -88.2
0.23 19.21
0.4 62.12
1.56 139.57
0.57 74.21
0.63 51.42
-0.03 21.54
-0.57 -50.4
-1.36 -129.2
1.42 117.24
1.54 192.4
-1.33 -121.62
-0.81 -80.81
1.35 129.97
0.51 24.93
0.69 63.89
-0.71 -28.66
-0.5 -23.96
0.07 37.33
-0.14 -18.34
-0.16 -27.62
-1.94 -177.15
-0.04 -43.61
1.24 92.7
0.14 15.21
-0.54 -39.08
0.23 4.23
0.9 80.04
-1.3 -123.16
0.64 76.17
-0.0 -2.59
-1.04 -94.65
-1.5 -171.03
-0.34 -50.34
0.33 51.93
-0.33 -27.88
1.19 150.26
-0.42 -38.25
0.11 5.42
1.87 184.3
-0.29 -24.43
-1.23 -99.29
1.1 132.58
-1.06 -84.74
0.25 14.63
1.19 130.09
0.78 69.89
0.24 18.47
-0.54 -64.93
0.3 28.54
0.03 16.49
0.83 71.5
0.48 53.4
0.38 14.14
0.72 83.02
1.12 79.06
0.52 61.16
-0.33 -25.42
-0.46 -64.85
0.54 54.66
-0.49 -50.41
-0.75 -50.15
0.45 73.86
-0.25 -21.14
-0.26 -50.46
-0.38 -32.01
1.31 127.35
2.31 241.04
0.78 108.47
-0.14 -34.28
0.13 20.57
-0.6 -59.6
-1.62 -147.03
0.8 104.86
1.16 137.85
0.68 62.74
0.78 88.32
-1.07 -106.85
1.06 92.06
0.17 3.07
1.26 105.12
1.08 111.36
-0.31 0.2
0.01 25.89
0.45 22.85
1.17 91.17
0.12 26.93
-0.05 -19.34
0.41 33.43
-0.4 -25.65
-0.24 -55.75
0.88 91.35
0.95 73.21
-1.35 -134.81
-0.02 41.42
0.0 7.83
1.47 198.72
-0.18 -38.93
0.21 50.25
0.2 -26.63
0.41 43.59
0.35 65.21
0.45 21.16
0.4 49.58
-0.2 -13.71
0.66 91.09
0.78 81.67
0.62 39.83
1.0 125.02
0.54 64.36
0.31 63.43
0.19 5.28
1.66 179.87
0.73 80.55
1.94 166.63
-0.01 26.5
1.45 143.66
-0.33 -19.22
0.32 42.66
0.7 95.83
-0.83 -100.96
-0.99 -91.46
1.05 131.79
-0.59 -45.07
0.85 97.66
-0.56 -75.05
-0.08 -20.67
-0.18 -30.66
-0.83 -75.16
0.25 28.6
1.06 120.58
-0.01 -15.93
0.07 -12.5
-0.08 24.46
0.49 72.49
-1.71 -144.27
2.34 232.65
-1.44 -126.72
-0.45 -49.74
1.55 161.25
0.03 19.64
0.53 86.75
0.15 23.89
-0.12 -1.9
0.95 112.4
-0.34 -51.01
1.45 127.88
0.08 19.31
-0.78 -63.54
0.48 34.77
-0.12 -10.82
1.02 94.08
-0.49 -33.57
-0.62 -70.8
1.15 103.98
0.49 37.31
-0.43 -59.32
-0.07 -21.65
-0.88 -61.12
0.53 -6.19
-0.28 -46.69
-1.6 -152.06
0.48 42.38
-0.02 -6.03
-2.04 -185.19
2.11 235.06
-0.37 -46.68
1.6 164.91
0.63 42.88
