0.82 20.16
0.39 -2.39
0.72 -2.98
2.97 60.11
-1.74 -63.37
0.15 1.17
0.95 29.03
-1.05 -51.88
0.2 17.34
-0.2 -8.57
-0.31 -3.01
-0.16 -26.37
0.52 26.63
-1.43 -24.67
-0.33 4.14
0.66 -26.43
0.09 0.47
0.07 -12.75
0.06 16.95
-1.34 -68.5
-0.5 -42.03
1.03 40.67
0.56 44.47
0.4 -25.55
0.8 18.38
0.45 12.4
1.07 20.49
0.41 -0.02
-0.68 -42.97
0.57 25.21
-0.82 -38.22
-1.24 -40.48
-0.65 3.72
-0.41 -22.52
-0.66 -21.55
2.36 84.1
0.57 6.9
0.05 13.82
-0.15 -28.89
-0.11 -16.22
-0.72 -32.67
-0.96 -35.28
0.29 -2.1
-0.73 -61.92
-0.49 -0.65
0.4 17.71
0.02 15.39
0.98 30.44
0.37 -10.91
-0.45 -13.81
0.52 0.3
1.53 34.14
0.23 -20.24
-0.25 -26.18
-0.4 13.22
-0.23 9.75
0.33 46.43
0.7 41.14
-0.94 -10.91
-0.4 -7.76
1.38 67.86
0.57 6.83
-0.09 17.68
-0.34 -24.26
-0.38 -13.18
0.03 14.8
-1.66 -58.35
-0.22 -30.73
2.35 96.44
2.33 49.16
-0.68 -25.27
-0.13 1.81
-0.8 -17.28
-1.62 -37.77
-1.03 8.35
-0.81 -23.4
0.66 6.19
-0.54 2.57
1.71 39.34
1.24 -0.3
0.06 12.93
1.96 67.1
0.71 10.13
1.82 23.91
0.45 9.24
-1.18 -0.69
-1.07 16.13
-0.51 -5.5
1.09 59.24
0.75 40.48
0.13 2.36
1.38 37.16
0.05 15.79
-0.14 -6.13
1.1 89.39
-0.14 -8.55
0.23 37.61
-1.3 -50.94
1.49 89.44
0.2 22.69
-0.59 -42.06
1.12 48.38
0.29 9.37
-0.49 17.6
-1.72 -22.55
-0.05 -3.68
1.05 18.89
-0.7 -32.76
-0.38 -15.29
-0.61 14.64
1.47 59.79
-0.81 -23.93
-0.58 -4.59
-1.05 5.26
0.14 19.46
-1.68 -44.21
0.19 -15.03
0.15 2.18
0.9 40.95
0.26 4.59
-1.03 -34.43
-1.14 -3.96
1.19 24.63
-1.44 -35.69
-0.91 -38.93
-0.46 -16.61
-0.18 18.29
-1.62 -32.41
-0.26 -34.98
1.21 38.38
0.47 7.97
1.53 62.78
-0.4 -18.14
-0.45 27.34
0.64 11.72
-0.82 -27.34
-0.76 17.3
-0.55 -0.23
-1.26 -53.26
0.24 30.59
1.87 80.88
0.38 21.17
-1.35 -10.69
0.32 -0.67
0.39 48.65
0.88 21.12
-0.05 -22.74
-0.74 -25.11
0.21 33.96
0.1 -25.66
0.88 21.63
-2.82 -82.48
1.16 39.34
-0.25 21.73
0.18 22.21
-1.07 -11.52
0.28 16.57
-0.13 34.02
-1.48 -72.92
0.54 10.93
0.29 -25.89
-0.17 -12.36
-0.47 11.91
-2.58 -54.08
-0.47 -35.88
-1.3 -34.83
-0.03 -2.52
-0.1 -31.51
-0.83 -10.29
-0.86 -64.32
1.41 51.11
-1.28 -49.78
-1.15 -23.4
-0.4 -37.56
0.22 16.09
-0.04 -10.27
1.01 9.92
-0.13 -11.25
-0.0 11.89
1.33 52.81
0.5 29.29
0.7 53.72
-0.98 -44.98
1.79 68.1
0.78 -2.22
0.52 27.34
0.1 -16.02
-0.29 -15.78
-2.56 -79.88
0.36 -2.82
-0.33 -9.45
-0.61 -26.31
-0.9 -33.7
-0.48 -13.71
-0.62 -20.23
2.25 64.44
0.26 48.24
-1.81 -53.9
-0.05 -20.97
0.55 -5.3
0.05 -0.73
-1.7 -56.12
0.2 19.89
-2.67 -73.3
0.77 1.28
-0.27 12.92
-1.02 -30.74
2.12 51.18
-0.41 -29.15
-0.04 13.47
0.03 14.48
0.27 36.76
-2.8 -89.99
-0.48 -56.27
0.64 28.02
-1.51 -26.3
0.31 16.34
0.87 -0.26
0.66 32.91
-2.52 -59.99
-1.76 -67.12
-1.78 -55.13
-1.72 -57.0
0.42 12.57
0.96 49.02
1.51 42.98
-1.73 -75.1
-1.19 -54.19
-0.75 -26.28
-0.87 -14.23
1.79 48.63
1.09 52.8
-0.39 26.9
-0.49 -29.29
-1.92 -52.96
0.17 9.45
-0.08 -21.76
-1.1 -23.34
0.54 25.39
-0.62 0.18
-0.71 -18.88
-1.53 -47.7
-1.04 -39.96
1.92 51.37
0.15 1.65
-1.42 -28.77
0.5 8.75
1.59 65.14
0.02 18.28
0.74 14.64
-0.34 21.18
0.61 29.11
0.49 17.75
-0.36 3.07
-1.45 -75.07
-1.38 -23.86
0.16 10.7
1.64 61.11
0.75 17.98
-0.53 -32.48
0.35 -8.27
-0.61 -28.97
-1.02 29.91
1.25 26.73
-0.27 -19.18
-0.27 -34.2
-0.65 -28.1
2.66 78.69
1.83 65.69
0.3 3.7
-1.14 -59.73
0.1 -1.24
-0.75 -23.98
-0.89 -26.03
-2.15 -36.88
-0.76 -8.06
-0.11 -25.15
0.91 26.59
0.57 24.21
-0.1 4.38
-0.98 -22.53
-0.46 -9.28
0.21 -7.03
-2.51 -61.08
-0.85 -19.68
1.8 54.09
-2.37 -69.32
-0.1 -29.78
-0.37 -11.49
-0.48 6.85
1.56 40.08
-0.08 -8.92
-0.21 -5.65
2.01 46.63
-1.39 -41.93
0.41 18.49
1.65 45.24
-0.79 -13.25
1.35 55.49
-0.32 -9.16
0.19 -20.02
-2.0 -26.91
0.46 24.52
0.86 36.3
0.6 35.22
-1.1 -3.15
0.53 11.77
-0.43 16.19
1.04 15.53
-0.54 -10.22
0.83 -0.83
-0.01 22.2
0.27 -22.82
0.4 26.73
-1.62 -56.74
-0.49 5.49
-1.51 -79.22
0.05 0.26
-0.77 -2.32
-0.09 -31.21
0.84 34.88
0.14 27.87
1.11 40.54
-1.69 -20.22
0.23 38.45
0.06 14.73
0.47 21.58
-0.15 -28.25
0.56 17.6
0.38 -16.91
-1.64 -11.42
1.59 31.5
0.88 13.77
-0.05 22.45
-0.08 -21.49
-0.34 -22.39
0.46 22.19
0.43 -20.28
0.45 36.43
1.15 46.49
-0.03 2.95
0.03 24.26
-0.27 -6.27
1.27 46.69
0.98 27.83
1.71 1.13
0.97 45.72
1.82 43.29
0.11 47.86
-2.27 -34.3
0.02 -2.29
1.1 39.37
-0.3 12.09
-1.26 -44.46
0.6 7.71
3.34 91.37
-0.55 -12.14
1.03 42.69
-0.57 16.03
0.19 -3.24
-0.44 2.74
-0.07 5.61
-0.82 -35.78
0.77 0.24
0.09 -5.36
-0.16 -4.57
-0.06 -33.27
-0.54 -18.63
1.1 29.12
-0.54 -10.44
-0.72 -3.2
0.46 33.06
0.1 -15.54
0.29 -13.79
0.15 14.66
1.2 67.89
0.48 7.35
-0.47 0.27
-1.2 6.16
1.2 32.09
-0.63 13.65
0.91 -12.75
-0.35 18.46
-1.98 -23.86
0.08 -26.56
-0.47 32.29
-0.2 10.94
0.63 16.5
-0.67 -31.61
-0.73 -10.27
1.52 55.65
0.68 50.8
-2.27 -50.34
0.68 49.23
0.49 22.86
-0.46 -66.15
2.37 38.02
1.39 55.52
0.93 27.79
-0.58 8.71
0.27 4.33
-0.32 -3.7
-0.71 13.83
0.17 1.8
-0.75 -30.31
-1.97 -36.71
-1.24 -53.91
0.77 43.3
-0.58 -23.8
-0.29 -4.78
-2.27 -80.46
0.29 16.3
-0.15 27.05
-1.23 -33.81
-0.45 7.04
-1.19 -39.99
0.68 19.51
1.07 43.62
-1.21 -14.75
-1.07 -55.08
-0.33 -30.16
1.11 52.05
1.67 15.52
-0.62 -4.23
-0.79 -29.19
-0.41 -9.17
0.12 8.29
-0.89 -13.51
1.57 56.62
-0.56 -48.25
1.02 5.91
3.34 82.29
1.42 13.34
0.82 27.71
-0.05 -7.23
-0.36 -14.68
0.2 0.83
-1.69 -87.73
0.25 -1.02
-0.0 -14.42
-0.3 -11.93
-0.54 14.75
1.58 30.36
-0.76 -15.32
0.85 56.18
0.24 52.08
0.11 -28.18
-1.29 -29.24
-1.54 -16.07
-1.96 -71.11
0.91 37.33
-0.59 -41.75
0.53 -0.55
-1.28 -7.01
-0.06 1.45
0.19 -16.97
0.35 -2.8
0.12 13.75
0.16 13.51
0.82 13.9
-0.82 -37.69
0.25 20.75
-1.49 -51.31
-0.0 1.63
-0.87 -48.49
-1.26 -57.72
-0.03 -10.9
-0.3 -1.38
1.69 52.91
-0.05 15.55
0.08 -25.99
-1.09 -22.49
0.12 8.11
-0.08 9.93
0.35 -8.45
0.8 -10.19
-0.17 -3.0
1.13 41.82
-0.11 7.51
1.56 11.09
0.5 4.33
-0.1 32.17
0.53 18.22
1.39 12.4
-2.33 -78.96
0.67 33.06
-0.51 11.55
0.85 48.76
0.67 23.5
-1.07 -72.31
-0.42 -25.74
-0.32 4.56
1.73 27.4
1.2 47.71
0.18 37.61
-0.83 -18.11
0.09 -16.57
0.01 17.6
-0.2 -1.5
0.18 7.72
