-0.26 26.06
0.76 -34.66
0.22 -7.72
1.35 -65.99
0.51 -15.54
-1.25 85.68
0.59 -18.81
1.1 -48.68
0.85 -36.06
-0.63 44.09
-0.35 41.68
0.15 -4.18
1.44 -80.71
1.14 -42.58
-0.26 40.06
-0.32 37.3
-0.71 54.54
0.25 4.87
0.33 -15.54
-0.05 33.31
-1.1 75.53
0.18 1.25
1.14 -52.28
-1.44 96.02
0.48 -12.84
0.67 -30.61
0.05 13.86
-0.05 11.48
0.5 -17.54
0.15 18.61
0.57 -30.85
0.85 -33.65
1.94 -103.32
-0.62 60.91
-0.05 20.61
0.84 -37.63
-1.28 93.41
0.37 -9.56
-0.18 24.22
1.21 -55.24
-0.65 53.97
0.18 -5.96
-0.26 17.5
0.98 -52.69
0.32 -11.33
2.36 -132.27
-0.57 61.96
-0.03 -2.78
-1.86 130.34
1.45 -76.13
0.21 2.14
2.11 -122.0
-0.14 31.32
0.49 -9.19
-0.34 38.75
-1.08 77.71
-1.18 99.06
0.67 -32.79
1.72 -87.8
0.35 -7.42
-1.16 96.7
-0.35 34.5
0.97 -55.35
0.55 -31.04
0.44 -5.88
2.09 -121.97
0.2 6.1
-0.01 10.0
0.39 -10.97
0.07 6.34
-0.76 64.64
-0.47 32.33
0.97 -47.74
-0.51 62.3
0.52 -30.19
-0.35 35.11
0.11 4.36
-0.22 34.19
0.34 -8.07
0.49 -3.11
1.89 -105.83
0.44 -3.91
1.37 -59.43
0.22 0.17
-0.64 39.49
0.32 7.46
0.31 -10.11
-0.8 59.94
0.52 -18.55
-1.12 82.54
0.52 -23.39
-0.14 27.13
1.89 -97.33
1.17 -54.9
-0.14 17.08
0.21 -6.39
-0.55 49.69
-0.44 47.18
-0.54 52.78
-0.68 52.12
-1.14 80.43
0.14 6.05
-1.65 124.85
-0.47 47.67
1.17 -64.46
-0.15 16.44
0.79 -41.94
0.72 -30.54
0.1 10.36
-0.88 67.96
0.53 -29.81
-1.64 114.58
0.28 -15.54
0.25 -1.77
0.33 -5.01
1.28 -68.75
-0.29 39.29
-0.68 61.4
-1.68 125.37
0.77 -41.39
-0.65 47.09
1.41 -77.43
-1.09 85.89
-0.06 14.09
-1.84 120.21
-0.16 31.04
-0.6 61.46
1.17 -60.44
1.2 -49.52
-0.67 63.16
-1.19 90.88
0.99 -48.0
0.59 -25.62
-0.32 46.43
0.24 -20.35
-2.32 161.93
1.96 -116.27
-0.14 26.28
-1.55 102.82
-0.09 5.58
1.29 -70.98
0.83 -48.08
0.59 -25.35
1.09 -59.44
-2.31 158.22
1.0 -51.5
0.19 7.18
0.17 9.73
1.77 -99.47
-0.66 66.2
0.5 -22.6
2.86 -178.0
0.03 4.02
-1.31 90.71
-0.3 30.76
-2.58 188.51
0.09 21.12
-0.66 51.99
1.87 -103.16
-0.14 34.95
0.51 -21.8
-1.22 82.81
-0.1 31.29
1.97 -116.74
-0.63 48.52
0.24 -2.1
0.57 -20.25
-0.24 33.79
1.69 -98.79
0.97 -47.52
0.05 12.43
-1.59 112.84
1.96 -120.82
-1.73 127.05
1.34 -70.37
-1.7 120.53
-1.15 86.17
-0.08 26.05
-0.51 54.91
-0.64 44.13
0.7 -28.15
0.64 -33.79
-1.54 109.99
0.42 -9.56
-1.77 132.92
0.77 -24.0
-0.46 46.14
0.92 -50.4
-0.82 65.67
-0.24 24.12
-1.57 102.94
-1.34 93.06
0.14 4.38
-1.87 129.04
-2.3 164.51
2.26 -124.36
-1.16 88.62
-0.64 51.52
0.39 4.45
-0.22 13.92
-0.3 46.7
-1.5 99.09
-1.66 119.66
-0.8 56.83
-0.44 32.32
-0.79 63.04
-0.5 42.53
1.01 -55.03
0.44 -11.2
0.18 10.59
-0.72 52.38
2.49 -135.36
1.93 -105.65
-0.26 21.53
1.58 -90.79
0.46 -25.0
0.08 10.38
-0.12 29.47
1.77 -92.33
0.46 -13.53
1.32 -64.63
1.01 -29.12
0.51 -15.78
0.0 19.78
-1.27 94.98
-0.3 31.82
0.67 -31.93
-0.69 71.97
-1.64 125.04
-0.75 60.1
-0.64 65.72
1.03 -48.64
-0.6 39.79
0.03 8.18
-0.26 29.46
1.28 -68.75
-0.83 72.18
1.12 -48.07
1.53 -86.62
1.69 -78.11
0.23 3.16
-0.15 25.93
0.22 -8.39
1.72 -99.11
0.09 11.94
1.42 -63.41
-0.99 68.31
-0.12 33.21
0.51 -23.0
1.7 -101.49
1.03 -51.18
-0.25 29.69
2.35 -146.9
-1.31 90.07
0.32 1.82
1.13 -48.17
-1.62 118.62
0.3 -0.98
0.28 -4.27
-0.12 17.58
-0.35 43.11
-0.34 31.94
-0.66 50.95
0.48 -26.62
0.31 -12.37
2.57 -150.03
0.78 -24.21
-1.71 125.95
2.54 -152.69
0.65 -28.38
-0.92 69.66
0.42 -9.38
-0.53 46.13
-1.26 90.5
0.12 13.63
3.07 -187.03
2.14 -113.94
0.59 -18.89
0.21 2.37
0.6 -27.05
-0.67 51.07
1.54 -76.85
-1.23 90.13
1.04 -44.76
1.21 -72.37
-0.72 58.86
0.23 1.08
-0.34 27.71
-1.66 118.91
-0.74 63.11
-0.6 51.55
0.59 -19.14
-1.0 74.34
-1.07 83.7
-0.55 54.39
1.75 -96.23
2.67 -147.0
0.98 -37.61
0.98 -49.85
1.02 -46.35
-0.26 31.5
0.63 -21.14
1.19 -66.41
-1.03 83.56
1.17 -44.64
0.46 -19.44
0.6 -17.97
-0.54 37.81
-0.52 44.88
-0.35 32.73
0.97 -51.41
0.58 -30.67
-0.98 68.99
2.04 -112.15
0.77 -42.16
2.1 -115.18
-0.91 86.04
0.05 13.4
-0.4 28.47
-0.21 25.19
1.03 -50.29
0.75 -37.0
-0.27 29.07
1.17 -57.49
0.39 -9.33
-0.4 37.74
-0.15 27.24
-1.74 128.47
-2.31 169.41
-0.02 15.19
-0.29 26.64
-0.77 64.21
0.53 -21.92
-1.27 87.59
-0.18 32.33
0.74 -37.75
-0.7 57.03
0.63 -35.79
0.94 -48.44
0.65 -23.76
0.47 -19.32
-0.4 37.99
-1.25 84.49
-0.51 41.33
0.91 -39.16
0.77 -25.51
-2.02 140.56
0.14 -5.72
-0.99 70.85
0.45 -22.37
-1.53 116.67
-1.36 103.05
1.76 -100.61
-2.44 171.42
-0.72 64.33
1.62 -79.2
-0.7 53.76
-0.93 65.23
-0.55 47.5
0.84 -41.3
-0.04 23.76
-0.09 19.16
-0.43 43.28
0.8 -31.18
1.04 -53.22
-0.66 60.43
0.75 -26.41
0.64 -32.48
-1.09 91.14
-0.76 51.33
0.55 -26.76
-1.43 97.83
-0.56 49.23
-0.94 79.92
3.01 -169.97
0.36 -2.21
0.82 -31.7
0.01 16.3
-0.43 34.99
-0.64 59.58
0.36 -3.04
0.66 -23.21
1.79 -109.9
0.65 -15.05
-1.14 88.31
1.51 -83.4
-1.3 87.59
-0.0 16.98
-0.09 7.79
1.51 -69.34
-0.04 4.69
-1.2 89.87
0.36 -5.29
0.63 -17.24
0.9 -35.87
1.24 -71.55
1.26 -72.41
0.12 10.04
-1.08 78.44
1.99 -117.66
-0.32 29.22
-0.34 35.58
-1.5 108.28
-0.74 53.06
-0.44 36.0
-2.12 152.71
1.35 -77.29
-0.48 46.42
0.24 4.16
-1.49 110.05
0.08 17.37
-0.03 23.65
-0.52 41.43
0.63 -30.75
0.98 -51.0
1.49 -71.98
0.73 -46.98
0.4 -12.59
2.16 -112.37
-1.34 99.87
-1.25 88.91
0.31 3.62
0.02 19.93
-0.7 59.95
0.01 21.81
-0.08 23.25
-1.58 119.05
0.81 -38.05
-0.07 18.88
1.17 -51.84
-1.35 94.69
-1.2 84.0
-0.62 56.47
-0.16 21.88
0.13 9.9
-1.18 95.08
0.43 -18.04
0.4 -16.85
-0.63 61.66
-1.23 86.8
0.46 -15.56
-0.5 43.9
0.1 -3.92
-0.73 56.82
-0.95 81.49
0.28 -6.66
1.63 -84.68
0.6 -30.88
2.52 -145.75
1.4 -77.08
0.7 -27.26
0.55 -1.72
0.03 6.64
2.92 -166.68
0.38 -19.21
-0.01 24.39
0.69 -26.8
-0.32 25.89
0.48 -10.83
0.08 11.46
-0.51 32.6
0.88 -40.61
-0.66 55.44
0.34 14.01
0.96 -43.33
-0.79 61.13
-0.12 6.25
-0.67 63.89
1.38 -72.3
-0.28 38.63
1.51 -78.69
0.43 -3.13
0.42 -15.16
0.34 -10.02
0.65 -30.37
-0.29 21.22
-0.55 51.25
-0.07 21.56
0.19 7.43
-0.54 62.44
-0.61 47.67
-0.59 54.74
-1.01 85.76
1.63 -92.78
0.8 -37.41
-0.87 73.35
-0.28 38.32
0.07 7.91
0.41 -6.92
-1.35 101.63
-1.05 79.8
-1.66 113.06
0.25 -6.15
-1.32 101.72
-1.49 98.56
1.06 -43.94
-0.48 40.35
-0.45 45.0
-1.65 133.69
0.16 3.06
