-1.53 176.78
0.71 164.95
2.11 144.68
-0.18 161.66
-0.03 169.72
-1.0 178.04
0.82 152.16
-0.08 160.78
0.02 167.87
0.77 160.96
-0.97 176.35
-1.45 180.24
0.38 154.88
0.62 152.92
0.11 161.48
-0.45 162.93
0.19 159.34
-0.14 163.54
-0.98 182.23
-2.03 193.81
0.91 153.58
-0.91 178.75
0.86 154.06
0.55 155.02
2.5 134.74
0.01 163.88
0.62 157.81
0.6 153.08
0.24 152.95
0.24 165.54
1.67 147.22
0.56 165.7
2.32 149.99
-0.17 172.82
0.66 155.92
1.04 145.11
-0.9 177.84
0.18 169.32
-1.86 179.19
0.35 167.92
-0.53 174.08
0.86 164.43
-0.44 180.55
-0.42 165.75
-1.28 173.17
1.41 157.53
0.27 169.52
-1.32 178.45
-0.17 176.6
-0.58 174.19
0.46 171.11
-0.83 163.35
1.54 154.16
-0.29 172.62
-0.19 166.61
-0.54 177.3
0.01 163.16
0.45 158.29
-1.11 176.1
0.1 171.41
1.54 151.31
-0.52 178.95
-1.77 182.39
-0.37 168.43
-1.54 170.94
0.46 159.31
-0.12 168.59
-0.6 171.91
-0.07 171.05
1.39 158.54
-0.23 167.36
1.85 148.26
-0.81 170.52
-1.35 178.9
0.29 167.12
0.81 167.98
-0.1 168.16
1.41 159.32
0.55 159.04
-0.56 168.0
1.28 154.04
4.01 130.34
0.23 162.62
1.11 151.78
-0.75 177.48
0.99 160.59
-0.42 183.0
0.45 158.85
0.31 158.12
0.48 168.51
-0.97 177.11
2.27 151.39
-0.55 176.67
0.19 162.09
-0.97 174.88
-0.82 170.29
-0.6 161.51
0.61 157.85
0.1 162.2
-0.15 165.82
0.54 160.98
0.36 160.38
-0.75 162.47
0.08 171.09
-0.99 179.91
-0.63 170.76
0.7 149.5
0.48 158.79
-1.0 177.3
0.57 169.11
0.82 162.93
0.79 165.94
-0.3 176.05
0.42 162.9
1.41 154.83
-0.37 166.36
0.68 164.09
-0.29 168.22
0.28 159.09
-2.03 186.59
-0.88 177.71
-0.26 157.51
-0.54 179.65
0.42 153.71
1.26 158.73
0.18 156.92
-2.0 181.44
-0.95 174.85
0.28 170.02
-0.76 163.49
0.97 159.31
-1.03 179.71
1.15 150.22
-0.37 169.43
-0.99 177.05
-1.95 186.99
-0.76 169.01
1.33 145.1
-0.9 171.0
-0.47 159.85
1.03 155.6
-0.35 173.87
2.04 153.66
-1.84 190.35
-0.62 170.16
1.16 159.24
1.69 149.73
0.17 167.98
-0.5 173.77
0.03 163.72
-0.16 172.12
-0.0 169.45
2.15 145.7
-0.98 184.64
0.39 158.23
-0.99 184.32
-0.95 171.12
-0.34 168.46
-0.07 170.65
1.05 154.25
1.87 152.81
0.02 160.48
1.52 151.71
0.71 156.62
-0.4 162.72
-0.57 170.17
-1.54 179.89
-0.52 159.2
1.05 155.31
-0.13 179.65
0.2 166.48
2.69 142.49
0.73 159.85
-1.1 184.36
-0.91 179.93
0.72 158.36
-1.28 181.08
0.32 157.58
1.44 156.62
1.18 150.38
-1.59 176.35
-0.47 172.27
0.4 160.87
-1.85 180.76
1.24 160.99
-0.24 158.32
-0.56 174.09
-2.28 192.02
0.05 160.82
0.69 154.02
0.09 169.53
0.23 163.95
-1.85 189.24
0.36 167.56
1.71 145.91
-0.25 176.66
0.64 160.74
-0.42 171.11
0.77 159.65
1.45 148.6
0.69 164.61
-0.52 180.66
-1.57 182.45
0.05 175.82
-0.5 167.59
0.38 160.62
-1.88 181.26
-0.34 174.61
1.09 157.74
0.37 161.34
0.13 165.01
-0.99 175.13
0.76 157.25
0.14 162.45
1.25 156.64
-0.15 170.24
0.14 155.91
-2.63 191.46
-1.16 186.02
0.09 161.85
0.34 162.56
-0.53 176.31
-0.99 179.81
1.34 157.62
-1.73 191.29
1.57 155.36
2.18 150.56
-1.46 179.29
0.52 153.27
-0.1 165.87
0.26 150.49
0.43 160.44
1.0 152.14
-0.37 173.19
-1.22 175.28
0.32 163.16
-0.0 165.58
-0.23 170.3
-0.2 170.67
-2.06 179.67
0.58 160.33
0.67 167.6
-2.85 192.48
-0.12 170.87
-0.13 170.82
-0.07 162.89
-0.36 162.33
-0.93 174.76
-1.27 183.24
0.25 160.74
-0.5 168.54
-0.15 170.15
1.56 156.5
1.4 164.96
0.06 167.49
-1.72 180.19
-1.32 178.73
1.13 154.6
-0.91 178.14
0.81 156.8
-1.19 176.9
-0.08 159.44
-0.55 170.68
1.07 143.79
0.45 168.57
-0.78 171.35
-0.33 175.99
0.13 164.72
-0.09 164.32
0.49 150.34
-0.62 178.29
-0.06 169.33
0.38 160.39
-0.52 161.97
0.61 155.46
-1.31 176.45
0.14 158.69
0.98 163.66
0.55 153.79
-0.18 157.59
1.24 156.3
-1.32 185.23
-0.41 165.44
1.19 164.05
3.08 133.62
-0.48 167.51
-1.23 183.15
1.06 154.59
0.4 165.02
-1.93 181.68
-1.19 170.02
0.37 161.54
0.32 170.83
-0.75 170.23
-0.28 171.92
-4.66 207.9
-0.5 172.98
0.18 159.73
-0.1 167.83
0.25 170.38
-0.21 173.68
-0.47 170.48
-0.27 166.69
-0.38 166.89
-0.55 169.03
0.73 154.47
0.42 169.09
-0.12 164.95
1.83 148.68
0.09 166.91
-2.07 179.96
1.26 148.75
-0.79 163.01
2.17 146.34
-0.57 169.06
1.26 168.01
0.77 162.11
-1.26 182.0
-0.85 173.02
-0.16 166.11
-0.0 167.75
-0.56 171.85
-0.44 167.44
1.39 151.23
-1.43 190.29
-0.57 171.46
0.75 157.34
-0.76 173.21
0.35 161.98
1.07 155.18
-0.06 163.16
1.27 147.1
0.9 159.86
0.42 163.86
-1.57 166.48
1.54 152.75
-1.0 174.23
0.29 164.77
1.11 150.56
0.8 158.52
0.91 145.9
-0.92 171.28
-0.52 167.32
0.01 167.36
1.4 144.77
-2.07 194.26
0.39 167.83
-0.7 168.59
-0.46 161.07
-0.11 159.67
-0.6 172.71
1.67 151.21
-0.71 177.43
0.28 155.15
-1.62 181.9
-0.43 166.56
-0.37 169.57
0.48 149.13
0.06 163.15
0.38 165.17
-0.85 166.12
-0.09 169.57
-0.79 174.67
-0.48 171.46
0.25 164.84
0.66 157.84
-0.87 172.93
-1.03 180.95
-1.33 174.1
0.52 161.98
2.21 145.62
-0.76 168.27
0.08 164.05
0.88 153.46
-1.9 190.71
-0.08 172.72
-1.25 171.63
1.19 148.91
-0.14 162.09
0.77 157.19
-1.06 171.01
-0.26 175.93
-0.0 165.3
-0.81 176.01
0.14 161.78
-0.19 164.64
0.83 153.27
0.77 163.78
-0.5 168.77
0.01 163.45
-1.22 182.44
0.26 165.77
1.53 151.08
-1.72 189.83
-0.03 166.8
1.41 149.82
-0.05 161.67
-0.03 161.74
1.06 164.07
0.55 166.29
-1.28 184.9
-1.04 184.87
-0.93 173.98
1.66 148.56
1.84 148.71
1.99 143.47
-1.11 183.76
-0.28 167.99
-1.57 182.46
1.37 152.36
1.19 158.91
-1.14 178.17
-0.25 176.56
0.29 170.16
-1.71 180.84
-0.78 174.49
-1.26 181.02
-0.56 165.39
-0.04 166.94
1.03 153.59
-1.35 184.2
1.66 148.33
0.4 156.02
1.09 150.73
-1.94 183.84
-0.03 173.85
0.22 162.96
0.89 153.0
1.53 147.29
-1.35 179.0
0.19 164.68
0.38 166.69
0.27 164.65
-1.37 180.87
0.59 159.56
0.22 161.39
0.6 162.45
-0.16 166.08
-0.48 179.85
0.38 160.03
0.54 160.7
1.08 154.17
0.43 158.45
-0.78 181.08
0.27 163.61
-0.12 170.37
1.58 145.91
-1.22 180.48
-0.02 169.42
0.56 169.47
-1.26 182.96
-0.5 174.85
-0.6 178.99
-0.77 182.56
-0.96 170.14
-1.35 186.6
-0.98 177.93
0.59 164.66
0.19 165.7
-0.64 173.86
-0.8 170.14
0.03 168.38
0.94 152.58
-0.24 170.81
0.25 160.99
-0.89 178.1
-0.11 174.61
1.04 159.82
-0.46 174.54
0.2 165.18
3.47 127.16
0.71 165.83
0.82 158.65
1.06 149.77
2.05 151.62
-0.63 172.12
-0.23 169.38
-1.49 181.21
-1.71 173.13
0.88 156.25
0.68 162.98
0.8 160.04
-0.07 169.43
-0.35 168.69
0.95 153.03
-0.01 163.42
0.12 162.03
-0.93 179.03
0.32 160.8
0.72 156.26
0.88 163.15
2.96 138.42
0.33 169.39
-0.57 172.39
0.14 166.76
-1.26 179.51
-0.31 174.37
-0.67 163.41
1.7 158.37
-0.43 173.83
