-0.53 -24.62
0.48 21.18
-1.59 -79.2
1.76 67.07
0.51 3.09
-0.98 -27.54
1.37 78.59
1.82 79.09
1.21 51.28
0.56 48.03
0.14 4.02
-2.6 -124.7
0.94 56.86
0.8 46.98
-0.7 -38.44
-0.73 -26.58
0.7 13.01
0.29 -22.01
0.76 74.78
1.04 54.58
-0.99 -34.0
-1.47 -53.03
0.09 -11.84
2.99 124.1
-0.21 -2.08
1.12 21.99
0.92 22.52
0.09 18.86
-0.6 3.8
-0.35 -6.93
0.34 23.42
1.27 27.61
-1.15 -67.98
1.28 58.67
-0.85 -7.05
0.33 -5.03
-0.04 7.68
0.82 9.7
-2.41 -113.41
-0.95 -82.82
-0.85 -14.19
1.5 94.41
0.43 -2.58
-1.82 -52.8
-1.24 -37.25
1.08 18.64
2.71 108.14
0.2 4.42
-0.91 -30.16
-0.96 -55.29
-0.03 6.48
-1.26 -46.87
-1.37 -63.23
0.64 -15.2
-1.84 -70.46
0.98 53.48
0.2 11.21
0.47 32.46
-0.44 -32.27
0.06 9.5
0.03 -26.67
-0.43 -55.16
-0.56 11.79
0.43 10.9
0.68 39.38
0.06 21.35
0.85 25.07
-0.89 -60.14
-0.04 2.6
-0.93 -35.85
1.53 68.92
1.23 79.7
-0.94 -66.32
0.86 59.97
0.31 20.94
-0.85 -46.33
1.5 41.66
-0.19 -8.17
-0.22 -22.66
0.37 15.48
0.93 53.26
-1.94 -79.57
1.62 85.02
-0.34 -31.4
-0.66 -33.45
0.03 6.9
-0.4 4.22
0.1 -6.97
-1.64 -52.62
1.4 62.49
-1.75 -71.01
-0.84 -16.05
1.01 64.19
0.2 -24.67
-0.75 -17.66
-1.99 -83.99
-0.83 -18.47
-0.77 -44.73
1.2 57.35
-0.03 11.82
-0.23 0.23
0.41 16.76
0.11 7.61
-1.18 -58.09
-0.39 -24.22
-0.31 14.25
-1.03 -58.16
0.56 19.18
0.69 39.44
0.69 47.49
-1.2 -24.9
-0.42 -5.49
-0.39 -3.62
0.59 5.42
0.73 26.98
-1.41 -34.62
-0.41 -19.98
-0.73 -54.33
1.19 71.24
-0.83 -52.73
-0.07 18.47
0.5 44.74
1.42 52.75
-0.2 -0.5
0.5 6.23
0.33 39.3
0.43 24.92
0.79 -13.52
0.13 -3.43
-1.2 -70.52
1.3 108.82
-0.56 -33.16
1.03 37.38
-1.6 -105.2
0.27 -33.23
-0.67 -23.98
0.28 24.1
1.47 77.44
-1.29 -59.05
1.62 64.6
-1.19 -68.45
1.1 30.09
-0.5 -15.41
-0.4 10.7
0.97 55.3
1.74 87.62
0.2 28.46
-0.58 -38.12
0.92 56.71
-0.09 -9.27
-0.43 -24.39
0.18 -26.39
-1.1 -97.3
-0.13 -39.55
1.42 82.03
1.76 79.53
0.16 14.85
1.35 59.84
-0.12 2.14
0.93 58.39
1.58 58.46
-1.01 -39.26
1.29 43.71
0.56 50.61
0.57 -1.28
-0.93 -13.12
0.05 -3.2
-0.45 -30.89
0.53 4.92
-0.52 -26.7
-0.52 -18.73
-0.3 15.07
-1.37 -45.25
0.44 21.76
1.63 53.67
0.3 14.89
1.82 71.12
0.39 24.2
2.25 61.34
0.23 32.41
0.18 -3.56
0.29 15.37
1.19 41.72
-0.94 -20.27
-0.21 -9.67
2.62 148.6
-0.2 -7.94
-1.37 -96.02
1.01 44.91
-0.19 0.15
-0.09 25.68
0.32 47.78
0.67 10.32
-0.49 4.73
-0.1 -12.16
0.9 41.81
-0.13 -13.77
-1.01 -39.45
-0.32 20.0
-1.39 -76.3
-1.68 -69.04
0.0 -3.05
0.41 25.57
-0.21 6.09
-0.55 -27.29
1.18 43.67
1.37 55.75
0.26 -2.27
-0.02 1.04
0.58 22.32
-0.88 -47.54
0.23 -0.23
0.18 30.8
2.06 48.36
-0.33 2.72
-1.06 -66.66
0.48 15.27
1.1 38.03
0.75 36.47
-0.0 -3.2
2.36 65.49
-0.87 -4.02
2.45 111.69
-1.02 -81.09
0.35 4.01
-0.25 -40.93
-1.6 -62.94
0.04 -27.72
0.2 0.46
-0.32 -36.35
-0.97 -42.24
-0.25 -29.12
1.54 74.65
-0.06 -7.48
-0.52 9.51
-0.08 -10.47
0.67 24.56
1.13 64.89
-0.96 -4.26
-1.68 -106.36
0.14 -3.06
0.59 33.74
-0.48 -29.36
-1.12 -34.03
0.25 1.48
-0.73 -66.51
-0.53 -10.96
-0.58 -32.55
-0.96 -40.38
-1.81 -83.21
-0.87 -59.54
-0.89 -28.9
1.92 95.55
-0.27 -7.86
3.1 153.61
0.94 15.42
-0.48 -2.14
-0.5 12.38
-1.22 -57.42
-0.82 -13.65
-0.93 -34.93
0.31 1.55
-0.28 -31.35
-0.28 -30.8
-2.43 -124.06
-0.45 -24.0
-1.39 -76.45
-0.18 -12.85
0.27 -9.22
0.79 64.53
0.26 3.08
-0.19 -39.69
-0.64 -31.62
-1.01 -51.43
0.85 32.11
0.15 28.95
0.85 4.81
-0.82 -15.42
-0.29 -22.71
-0.32 -60.94
-3.1 -120.85
0.42 4.69
-0.2 2.9
0.92 4.94
-0.38 -25.59
0.85 25.93
0.02 -17.07
0.84 11.76
0.22 -18.74
-1.27 -65.65
0.11 -19.17
-2.33 -119.78
-1.01 -29.7
-0.18 -9.1
-1.43 -67.03
0.83 67.21
-1.15 -62.23
0.65 46.05
-0.29 -4.55
0.23 13.3
-0.35 -27.46
-1.81 -55.13
-0.11 -12.63
1.14 10.12
0.78 42.2
-1.69 -74.41
-0.24 39.18
0.55 38.19
-2.18 -66.69
0.15 -11.92
-0.28 -20.93
-1.04 -42.91
2.11 101.13
-1.34 -47.99
-1.53 -30.87
1.04 38.44
-0.24 -17.86
-0.42 12.83
-1.44 -40.39
-0.4 -53.24
2.17 138.55
-1.49 -79.4
0.29 -27.57
-0.59 -33.94
0.26 5.73
-0.85 6.59
1.08 83.97
-0.89 0.24
0.22 2.1
-1.66 -85.13
0.69 52.04
-1.03 -55.87
1.31 77.89
-0.58 -35.01
-0.05 -19.19
-0.47 -33.55
-1.38 -74.31
1.48 64.46
1.18 44.47
-0.04 27.58
0.49 15.38
0.45 13.86
-0.2 -6.32
-0.82 -18.91
0.7 28.93
0.91 14.33
-0.09 1.46
-1.08 -17.99
0.71 29.32
0.13 32.44
-0.8 -33.33
-0.63 3.6
0.98 60.98
-1.54 -59.55
0.14 3.02
-0.33 -27.08
0.6 9.39
2.06 79.69
1.07 39.79
-0.18 -27.7
-0.62 -36.61
-0.06 -3.74
1.18 53.54
-0.21 -2.63
-0.03 -32.85
0.58 25.6
-1.55 -38.37
-1.55 -61.96
-0.41 -88.74
1.11 30.99
-1.18 -46.94
0.06 8.16
-0.27 -4.46
-1.65 -47.35
0.9 41.6
0.39 4.76
0.14 -7.5
-0.25 -7.88
-2.06 -80.18
-0.05 -10.08
-0.59 -22.66
0.8 99.7
-1.21 -49.88
0.1 -10.23
0.6 20.78
-1.14 -51.42
-1.88 -73.85
-0.93 -36.05
-0.25 -8.1
0.31 -5.71
0.06 -6.12
0.94 29.46
-1.34 -58.46
-0.15 -7.22
-2.7 -132.22
-0.2 -27.24
1.27 56.73
1.04 8.38
-0.16 4.39
1.72 74.39
-0.17 1.11
0.03 5.05
-0.59 -21.26
0.88 55.6
0.21 -0.61
0.34 40.78
-0.5 -13.96
-0.11 1.06
0.38 5.71
0.67 20.61
0.12 -43.57
1.18 45.99
0.08 -13.86
-1.35 -88.33
0.23 -6.41
-1.24 -71.53
-0.95 -27.28
-0.34 -56.94
0.94 47.13
-0.18 -3.0
-1.84 -86.54
-1.98 -114.95
1.68 90.81
0.93 -0.49
0.32 21.87
-0.93 -21.32
-0.63 4.62
-0.11 6.63
0.03 -44.4
-1.1 -54.32
0.75 13.55
0.99 35.07
2.06 77.65
1.02 28.53
0.28 -0.5
-0.71 -28.66
0.7 41.12
-0.28 21.68
1.51 56.16
-0.04 6.21
-0.71 -57.75
-0.93 -53.29
1.16 88.57
1.89 89.35
-0.47 5.85
-1.37 -36.29
-0.34 -11.82
1.3 42.53
0.54 19.78
-1.04 9.28
-0.97 -44.99
-0.1 41.55
-0.23 -17.36
1.09 46.29
0.41 23.83
0.47 43.27
1.18 48.93
-0.5 -21.12
0.38 -6.66
-1.19 -53.36
-0.27 -26.17
0.66 26.15
-0.65 -49.04
-0.05 -47.85
0.65 23.25
-0.59 -26.84
-0.4 -21.31
0.88 21.77
-1.02 -68.48
-0.57 -24.24
-1.58 -102.43
0.2 5.69
-0.52 -14.97
-0.61 -7.66
-0.41 -5.98
-0.58 -18.62
-0.66 -19.76
0.13 -6.09
-0.56 -11.57
1.01 46.65
0.08 9.08
0.96 9.38
1.62 49.74
-1.28 -66.7
0.17 14.12
0.26 -32.25
1.22 53.76
-0.59 -37.31
1.67 55.42
-1.2 -78.41
0.76 42.19
-0.67 -15.18
-0.24 4.48
0.86 12.74
-0.2 -10.28
-0.58 -39.6
-1.73 -100.56
0.39 12.25
0.37 27.89
-0.51 -2.61
